1, 2
2, 10
10, 19
19, 8
8, 11
11, 16
16, 3
8, 12
12, 17
17, 4
2, 14
14, 22
22, 9
9, 13
13, 18
18, 5
13, 20
20, 6
9, 15
15, 21
21, 7
23, 24
24, 32
32, 41
41, 30
30, 33
33, 38
38, 25
30, 34
34, 39
39, 26
24, 36
36, 44
44, 31
31, 35
35, 40
40, 27
35, 42
42, 28
31, 37
37, 43
43, 29
45, 46
46, 54
54, 63
63, 52
52, 55
55, 60
60, 47
52, 56
56, 61
61, 48
46, 58
58, 66
66, 53
53, 57
57, 62
62, 49
57, 64
64, 50
53, 59
59, 65
65, 51
67, 68
68, 77
77, 87
87, 74
74, 78
78, 84
84, 69
87, 75
75, 79
79, 85
85, 70
75, 80
80, 86
86, 71
68, 82
82, 90
90, 76
76, 81
81, 88
88, 72
76, 83
83, 89
89, 73
91, 92
92, 102
102, 113
113, 99
99, 103
103, 109
109, 93
113, 100
100, 104
104, 110
110, 94
100, 105
105, 111
111, 95
92, 107
107, 116
116, 101
101, 106
106, 112
112, 96
106, 114
114, 97
101, 108
108, 115
115, 98
117, 118
118, 127
127, 134
134, 122
122, 128
128, 135
135, 119
127, 138
138, 125
125, 129
129, 136
136, 120
125, 130
130, 137
137, 121
118, 132
132, 141
141, 126
126, 131
131, 139
139, 123
126, 133
133, 140
140, 124
142, 143
143, 150
150, 158
158, 148
148, 151
151, 156
156, 144
148, 152
152, 157
157, 145
143, 154
154, 161
161, 149
149, 153
153, 159
159, 146
149, 155
155, 160
160, 147
162, 163
163, 173
173, 184
184, 170
170, 174
174, 180
180, 164
184, 171
171, 175
175, 181
181, 165
171, 176
176, 182
182, 166
163, 178
178, 187
187, 172
172, 177
177, 183
183, 167
177, 185
185, 168
172, 179
179, 186
186, 169
188, 189
189, 198
198, 208
208, 195
195, 199
199, 205
205, 190
208, 196
196, 200
200, 206
206, 191
196, 201
201, 207
207, 192
189, 203
203, 211
211, 197
197, 202
202, 209
209, 193
197, 204
204, 210
210, 194
212, 213
213, 222
222, 229
229, 217
217, 223
223, 230
230, 214
222, 233
233, 220
220, 224
224, 231
231, 215
220, 225
225, 232
232, 216
213, 227
227, 236
236, 221
221, 226
226, 234
234, 218
221, 228
228, 235
235, 219
237, 238
238, 247
247, 256
256, 244
244, 248
248, 253
253, 239
256, 245
245, 249
249, 254
254, 240
238, 251
251, 259
259, 246
246, 250
250, 255
255, 241
250, 257
257, 242
246, 252
252, 258
258, 243
260, 261
261, 271
271, 282
282, 268
268, 272
272, 278
278, 262
282, 269
269, 273
273, 279
279, 263
269, 274
274, 280
280, 264
261, 276
276, 285
285, 270
270, 275
275, 281
281, 265
275, 283
283, 266
270, 277
277, 284
284, 267
286, 287
287, 294
294, 302
302, 292
292, 295
295, 300
300, 288
292, 296
296, 301
301, 289
287, 298
298, 305
305, 293
293, 297
297, 303
303, 290
293, 299
299, 304
304, 291
306, 307
307, 315
315, 324
324, 313
313, 316
316, 321
321, 308
313, 317
317, 322
322, 309
317, 323
323, 310
307, 319
319, 327
327, 314
314, 318
318, 325
325, 311
314, 320
320, 326
326, 312
328, 329
329, 338
338, 348
348, 335
335, 339
339, 345
345, 330
348, 336
336, 340
340, 346
346, 331
336, 341
341, 347
347, 332
329, 343
343, 351
351, 337
337, 342
342, 349
349, 333
337, 344
344, 350
350, 334
352, 353
353, 363
363, 370
370, 358
358, 364
364, 371
371, 354
363, 375
375, 361
361, 365
365, 372
372, 355
361, 366
366, 373
373, 356
353, 368
368, 378
378, 362
362, 367
367, 374
374, 357
367, 376
376, 359
362, 369
369, 377
377, 360
379, 380
380, 390
390, 401
401, 387
387, 391
391, 397
397, 381
401, 388
388, 392
392, 398
398, 382
388, 393
393, 399
399, 383
380, 395
395, 404
404, 389
389, 394
394, 400
400, 384
394, 402
402, 385
389, 396
396, 403
403, 386
405, 406
406, 415
415, 425
425, 412
412, 416
416, 422
422, 407
425, 413
413, 417
417, 423
423, 408
413, 418
418, 424
424, 409
406, 420
420, 428
428, 414
414, 419
419, 426
426, 410
414, 421
421, 427
427, 411
429, 430
430, 439
439, 446
446, 434
434, 440
440, 447
447, 431
439, 450
450, 437
437, 441
441, 448
448, 432
437, 442
442, 449
449, 433
430, 444
444, 453
453, 438
438, 443
443, 451
451, 435
438, 445
445, 452
452, 436
454, 455
455, 464
464, 473
473, 461
461, 465
465, 470
470, 456
473, 462
462, 466
466, 471
471, 457
455, 468
468, 476
476, 463
463, 467
467, 472
472, 458
467, 474
474, 459
463, 469
469, 475
475, 460
477, 478
478, 486
486, 495
495, 484
484, 487
487, 492
492, 479
484, 488
488, 493
493, 480
488, 494
494, 481
478, 490
490, 498
498, 485
485, 489
489, 496
496, 482
485, 491
491, 497
497, 483
499, 500
500, 508
508, 517
517, 506
506, 509
509, 514
514, 501
506, 510
510, 515
515, 502
510, 516
516, 503
500, 512
512, 520
520, 507
507, 511
511, 518
518, 504
507, 513
513, 519
519, 505
521, 522
522, 530
530, 539
539, 528
528, 531
531, 536
536, 523
528, 532
532, 537
537, 524
522, 534
534, 542
542, 529
529, 533
533, 538
538, 525
533, 540
540, 526
529, 535
535, 541
541, 527
543, 544
544, 552
552, 561
561, 550
550, 553
553, 558
558, 545
550, 554
554, 559
559, 546
554, 560
560, 547
544, 556
556, 564
564, 551
551, 555
555, 562
562, 548
551, 557
557, 563
563, 549
565, 566
566, 574
574, 583
583, 572
572, 575
575, 580
580, 567
572, 576
576, 581
581, 568
576, 582
582, 569
566, 578
578, 586
586, 573
573, 577
577, 584
584, 570
573, 579
579, 585
585, 571
587, 588
588, 598
598, 608
608, 595
595, 599
599, 605
605, 589
595, 600
600, 606
606, 590
588, 602
602, 612
612, 596
596, 601
601, 607
607, 591
601, 609
609, 592
596, 603
603, 610
610, 593
612, 597
597, 604
604, 611
611, 594
613, 614
614, 622
622, 631
631, 620
620, 623
623, 628
628, 615
620, 624
624, 629
629, 616
624, 630
630, 617
614, 626
626, 634
634, 621
621, 625
625, 632
632, 618
621, 627
627, 633
633, 619
635, 636
636, 645
645, 655
655, 643
643, 646
646, 651
651, 637
643, 647
647, 652
652, 638
647, 653
653, 639
636, 649
649, 658
658, 644
644, 648
648, 654
654, 640
648, 656
656, 641
644, 650
650, 657
657, 642
659, 660
660, 668
668, 677
677, 666
666, 669
669, 674
674, 661
666, 670
670, 675
675, 662
670, 676
676, 663
660, 672
672, 680
680, 667
667, 671
671, 678
678, 664
667, 673
673, 679
679, 665
681, 682
682, 690
690, 699
699, 688
688, 691
691, 696
696, 683
688, 692
692, 697
697, 684
682, 694
694, 702
702, 689
689, 693
693, 698
698, 685
693, 700
700, 686
689, 695
695, 701
701, 687
703, 704
704, 712
712, 721
721, 710
710, 713
713, 718
718, 705
710, 714
714, 719
719, 706
714, 720
720, 707
704, 716
716, 724
724, 711
711, 715
715, 722
722, 708
711, 717
717, 723
723, 709
725, 726
726, 736
736, 747
747, 733
733, 737
737, 743
743, 727
747, 734
734, 738
738, 744
744, 728
734, 739
739, 745
745, 729
726, 741
741, 750
750, 735
735, 740
740, 746
746, 730
740, 748
748, 731
735, 742
742, 749
749, 732
751, 752
752, 761
761, 771
771, 759
759, 762
762, 767
767, 753
759, 763
763, 768
768, 754
763, 769
769, 755
752, 765
765, 774
774, 760
760, 764
764, 770
770, 756
764, 772
772, 757
760, 766
766, 773
773, 758
775, 776
776, 786
786, 797
797, 783
783, 787
787, 793
793, 777
797, 784
784, 788
788, 794
794, 778
784, 789
789, 795
795, 779
789, 796
796, 780
776, 791
791, 800
800, 785
785, 790
790, 798
798, 781
785, 792
792, 799
799, 782
801, 802
802, 811
811, 821
821, 809
809, 812
812, 817
817, 803
809, 813
813, 818
818, 804
813, 819
819, 805
802, 815
815, 824
824, 810
810, 814
814, 820
820, 806
814, 822
822, 807
810, 816
816, 823
823, 808
825, 826
826, 836
836, 847
847, 833
833, 837
837, 843
843, 827
847, 834
834, 838
838, 844
844, 828
834, 839
839, 845
845, 829
839, 846
846, 830
826, 841
841, 850
850, 835
835, 840
840, 848
848, 831
835, 842
842, 849
849, 832
851, 852
852, 860
860, 869
869, 858
858, 861
861, 866
866, 853
858, 862
862, 867
867, 854
862, 868
868, 855
852, 864
864, 872
872, 859
859, 863
863, 870
870, 856
859, 865
865, 871
871, 857
873, 874
874, 882
882, 891
891, 880
880, 883
883, 888
888, 875
880, 884
884, 889
889, 876
874, 886
886, 894
894, 881
881, 885
885, 890
890, 877
885, 892
892, 878
881, 887
887, 893
893, 879
895, 896
896, 905
905, 915
915, 903
903, 906
906, 911
911, 897
903, 907
907, 912
912, 898
907, 913
913, 899
896, 909
909, 918
918, 904
904, 908
908, 914
914, 900
908, 916
916, 901
904, 910
910, 917
917, 902
919, 920
920, 928
928, 937
937, 926
926, 929
929, 934
934, 921
926, 930
930, 935
935, 922
930, 936
936, 923
920, 932
932, 940
940, 927
927, 931
931, 938
938, 924
927, 933
933, 939
939, 925
941, 942
942, 950
950, 959
959, 948
948, 951
951, 956
956, 943
948, 952
952, 957
957, 944
942, 954
954, 962
962, 949
949, 953
953, 958
958, 945
953, 960
960, 946
949, 955
955, 961
961, 947
963, 964
964, 972
972, 981
981, 970
970, 973
973, 978
978, 965
970, 974
974, 979
979, 966
964, 976
976, 984
984, 971
971, 975
975, 980
980, 967
975, 982
982, 968
971, 977
977, 983
983, 969
985, 986
986, 994
994, 1003
1003, 992
992, 995
995, 1000
1000, 987
992, 996
996, 1001
1001, 988
986, 998
998, 1006
1006, 993
993, 997
997, 1002
1002, 989
997, 1004
1004, 990
993, 999
999, 1005
1005, 991
1007, 1008
1008, 1016
1016, 1025
1025, 1014
1014, 1017
1017, 1022
1022, 1009
1014, 1018
1018, 1023
1023, 1010
1008, 1020
1020, 1028
1028, 1015
1015, 1019
1019, 1024
1024, 1011
1019, 1026
1026, 1012
1015, 1021
1021, 1027
1027, 1013
1029, 1030
1030, 1038
1038, 1047
1047, 1036
1036, 1039
1039, 1044
1044, 1031
1036, 1040
1040, 1045
1045, 1032
1030, 1042
1042, 1050
1050, 1037
1037, 1041
1041, 1046
1046, 1033
1041, 1048
1048, 1034
1037, 1043
1043, 1049
1049, 1035
1051, 1052
1052, 1060
1060, 1069
1069, 1058
1058, 1061
1061, 1066
1066, 1053
1058, 1062
1062, 1067
1067, 1054
1052, 1064
1064, 1072
1072, 1059
1059, 1063
1063, 1068
1068, 1055
1063, 1070
1070, 1056
1059, 1065
1065, 1071
1071, 1057
1073, 1074
1074, 1082
1082, 1091
1091, 1080
1080, 1083
1083, 1088
1088, 1075
1080, 1084
1084, 1089
1089, 1076
1074, 1086
1086, 1094
1094, 1081
1081, 1085
1085, 1090
1090, 1077
1085, 1092
1092, 1078
1081, 1087
1087, 1093
1093, 1079
1095, 1096
1096, 1104
1104, 1113
1113, 1102
1102, 1105
1105, 1110
1110, 1097
1102, 1106
1106, 1111
1111, 1098
1096, 1108
1108, 1116
1116, 1103
1103, 1107
1107, 1112
1112, 1099
1107, 1114
1114, 1100
1103, 1109
1109, 1115
1115, 1101
1117, 1118
1118, 1126
1126, 1135
1135, 1124
1124, 1127
1127, 1132
1132, 1119
1124, 1128
1128, 1133
1133, 1120
1118, 1130
1130, 1138
1138, 1125
1125, 1129
1129, 1134
1134, 1121
1129, 1136
1136, 1122
1125, 1131
1131, 1137
1137, 1123
1139, 1140
1140, 1148
1148, 1157
1157, 1146
1146, 1149
1149, 1154
1154, 1141
1146, 1150
1150, 1155
1155, 1142
1140, 1152
1152, 1160
1160, 1147
1147, 1151
1151, 1156
1156, 1143
1151, 1158
1158, 1144
1147, 1153
1153, 1159
1159, 1145
1161, 1162
1162, 1170
1170, 1179
1179, 1168
1168, 1171
1171, 1176
1176, 1163
1168, 1172
1172, 1177
1177, 1164
1162, 1174
1174, 1182
1182, 1169
1169, 1173
1173, 1178
1178, 1165
1173, 1180
1180, 1166
1169, 1175
1175, 1181
1181, 1167
1183, 1184
1184, 1192
1192, 1201
1201, 1190
1190, 1193
1193, 1198
1198, 1185
1190, 1194
1194, 1199
1199, 1186
1184, 1196
1196, 1204
1204, 1191
1191, 1195
1195, 1200
1200, 1187
1195, 1202
1202, 1188
1191, 1197
1197, 1203
1203, 1189
1205, 1206
1206, 1214
1214, 1223
1223, 1212
1212, 1215
1215, 1220
1220, 1207
1212, 1216
1216, 1221
1221, 1208
1206, 1218
1218, 1226
1226, 1213
1213, 1217
1217, 1222
1222, 1209
1217, 1224
1224, 1210
1213, 1219
1219, 1225
1225, 1211
1227, 1228
1228, 1236
1236, 1245
1245, 1234
1234, 1237
1237, 1242
1242, 1229
1234, 1238
1238, 1243
1243, 1230
1228, 1240
1240, 1248
1248, 1235
1235, 1239
1239, 1244
1244, 1231
1239, 1246
1246, 1232
1235, 1241
1241, 1247
1247, 1233
1249, 1250
1250, 1258
1258, 1267
1267, 1256
1256, 1259
1259, 1264
1264, 1251
1256, 1260
1260, 1265
1265, 1252
1250, 1262
1262, 1270
1270, 1257
1257, 1261
1261, 1266
1266, 1253
1261, 1268
1268, 1254
1257, 1263
1263, 1269
1269, 1255
1271, 1272
1272, 1280
1280, 1289
1289, 1278
1278, 1281
1281, 1286
1286, 1273
1278, 1282
1282, 1287
1287, 1274
1272, 1284
1284, 1292
1292, 1279
1279, 1283
1283, 1288
1288, 1275
1283, 1290
1290, 1276
1279, 1285
1285, 1291
1291, 1277
1293, 1294
1294, 1302
1302, 1311
1311, 1300
1300, 1303
1303, 1308
1308, 1295
1300, 1304
1304, 1309
1309, 1296
1294, 1306
1306, 1314
1314, 1301
1301, 1305
1305, 1310
1310, 1297
1305, 1312
1312, 1298
1301, 1307
1307, 1313
1313, 1299
1315, 1316
1316, 1324
1324, 1333
1333, 1322
1322, 1325
1325, 1330
1330, 1317
1322, 1326
1326, 1331
1331, 1318
1316, 1328
1328, 1336
1336, 1323
1323, 1327
1327, 1332
1332, 1319
1327, 1334
1334, 1320
1323, 1329
1329, 1335
1335, 1321
1337, 1338
1338, 1346
1346, 1355
1355, 1344
1344, 1347
1347, 1352
1352, 1339
1344, 1348
1348, 1353
1353, 1340
1338, 1350
1350, 1358
1358, 1345
1345, 1349
1349, 1354
1354, 1341
1349, 1356
1356, 1342
1345, 1351
1351, 1357
1357, 1343
1359, 1360
1360, 1368
1368, 1377
1377, 1366
1366, 1369
1369, 1374
1374, 1361
1366, 1370
1370, 1375
1375, 1362
1360, 1372
1372, 1380
1380, 1367
1367, 1371
1371, 1376
1376, 1363
1371, 1378
1378, 1364
1367, 1373
1373, 1379
1379, 1365
1381, 1382
1382, 1397
1397, 1409
1409, 1391
1391, 1398
1398, 1407
1407, 1384
1382, 1400
1400, 1415
1415, 1393
1393, 1399
1399, 1408
1408, 1385
1393, 1401
1401, 1410
1410, 1386
1415, 1394
1394, 1402
1402, 1411
1411, 1387
1394, 1403
1403, 1412
1412, 1388
1400, 1383
1383, 1395
1395, 1404
1404, 1413
1413, 1389
1395, 1405
1405, 1414
1414, 1390
1383, 1396
1396, 1406
1406, 1416
1416, 1392
1417, 1418
1418, 1433
1433, 1445
1445, 1427
1427, 1434
1434, 1443
1443, 1420
1418, 1436
1436, 1451
1451, 1429
1429, 1435
1435, 1444
1444, 1421
1429, 1437
1437, 1446
1446, 1422
1451, 1430
1430, 1438
1438, 1447
1447, 1423
1430, 1439
1439, 1448
1448, 1424
1436, 1419
1419, 1431
1431, 1440
1440, 1449
1449, 1425
1431, 1441
1441, 1450
1450, 1426
1419, 1432
1432, 1442
1442, 1452
1452, 1428
1453, 1454
1454, 1469
1469, 1481
1481, 1463
1463, 1470
1470, 1479
1479, 1456
1454, 1472
1472, 1487
1487, 1465
1465, 1471
1471, 1480
1480, 1457
1465, 1473
1473, 1482
1482, 1458
1487, 1466
1466, 1474
1474, 1483
1483, 1459
1466, 1475
1475, 1484
1484, 1460
1472, 1455
1455, 1467
1467, 1476
1476, 1485
1485, 1461
1467, 1477
1477, 1486
1486, 1462
1455, 1468
1468, 1478
1478, 1488
1488, 1464
1489, 1490
1490, 1505
1505, 1517
1517, 1499
1499, 1506
1506, 1515
1515, 1492
1490, 1508
1508, 1523
1523, 1501
1501, 1507
1507, 1516
1516, 1493
1501, 1509
1509, 1518
1518, 1494
1523, 1502
1502, 1510
1510, 1519
1519, 1495
1502, 1511
1511, 1520
1520, 1496
1508, 1491
1491, 1503
1503, 1512
1512, 1521
1521, 1497
1503, 1513
1513, 1522
1522, 1498
1491, 1504
1504, 1514
1514, 1524
1524, 1500
1525, 1526
1526, 1541
1541, 1553
1553, 1535
1535, 1542
1542, 1551
1551, 1528
1526, 1544
1544, 1559
1559, 1537
1537, 1543
1543, 1552
1552, 1529
1537, 1545
1545, 1554
1554, 1530
1559, 1538
1538, 1546
1546, 1555
1555, 1531
1538, 1547
1547, 1556
1556, 1532
1544, 1527
1527, 1539
1539, 1548
1548, 1557
1557, 1533
1539, 1549
1549, 1558
1558, 1534
1527, 1540
1540, 1550
1550, 1560
1560, 1536
1561, 1562
1562, 1577
1577, 1589
1589, 1571
1571, 1578
1578, 1587
1587, 1564
1562, 1580
1580, 1595
1595, 1573
1573, 1579
1579, 1588
1588, 1565
1573, 1581
1581, 1590
1590, 1566
1595, 1574
1574, 1582
1582, 1591
1591, 1567
1574, 1583
1583, 1592
1592, 1568
1580, 1563
1563, 1575
1575, 1584
1584, 1593
1593, 1569
1575, 1585
1585, 1594
1594, 1570
1563, 1576
1576, 1586
1586, 1596
1596, 1572
1597, 1598
1598, 1613
1613, 1625
1625, 1607
1607, 1614
1614, 1623
1623, 1600
1598, 1616
1616, 1631
1631, 1609
1609, 1615
1615, 1624
1624, 1601
1609, 1617
1617, 1626
1626, 1602
1631, 1610
1610, 1618
1618, 1627
1627, 1603
1610, 1619
1619, 1628
1628, 1604
1616, 1599
1599, 1611
1611, 1620
1620, 1629
1629, 1605
1611, 1621
1621, 1630
1630, 1606
1599, 1612
1612, 1622
1622, 1632
1632, 1608
1633, 1634
1634, 1649
1649, 1661
1661, 1643
1643, 1650
1650, 1659
1659, 1636
1634, 1652
1652, 1667
1667, 1645
1645, 1651
1651, 1660
1660, 1637
1645, 1653
1653, 1662
1662, 1638
1667, 1646
1646, 1654
1654, 1663
1663, 1639
1646, 1655
1655, 1664
1664, 1640
1652, 1635
1635, 1647
1647, 1656
1656, 1665
1665, 1641
1647, 1657
1657, 1666
1666, 1642
1635, 1648
1648, 1658
1658, 1668
1668, 1644
1669, 1670
1670, 1685
1685, 1697
1697, 1679
1679, 1686
1686, 1695
1695, 1672
1670, 1688
1688, 1703
1703, 1681
1681, 1687
1687, 1696
1696, 1673
1681, 1689
1689, 1698
1698, 1674
1703, 1682
1682, 1690
1690, 1699
1699, 1675
1682, 1691
1691, 1700
1700, 1676
1688, 1671
1671, 1683
1683, 1692
1692, 1701
1701, 1677
1683, 1693
1693, 1702
1702, 1678
1671, 1684
1684, 1694
1694, 1704
1704, 1680
1705, 1706
1706, 1721
1721, 1733
1733, 1715
1715, 1722
1722, 1731
1731, 1708
1706, 1724
1724, 1739
1739, 1717
1717, 1723
1723, 1732
1732, 1709
1717, 1725
1725, 1734
1734, 1710
1739, 1718
1718, 1726
1726, 1735
1735, 1711
1718, 1727
1727, 1736
1736, 1712
1724, 1707
1707, 1719
1719, 1728
1728, 1737
1737, 1713
1719, 1729
1729, 1738
1738, 1714
1707, 1720
1720, 1730
1730, 1740
1740, 1716
1741, 1742
1742, 1757
1757, 1769
1769, 1751
1751, 1758
1758, 1767
1767, 1744
1742, 1760
1760, 1775
1775, 1753
1753, 1759
1759, 1768
1768, 1745
1753, 1761
1761, 1770
1770, 1746
1775, 1754
1754, 1762
1762, 1771
1771, 1747
1754, 1763
1763, 1772
1772, 1748
1760, 1743
1743, 1755
1755, 1764
1764, 1773
1773, 1749
1755, 1765
1765, 1774
1774, 1750
1743, 1756
1756, 1766
1766, 1776
1776, 1752
1777, 1778
1778, 1793
1793, 1805
1805, 1787
1787, 1794
1794, 1803
1803, 1780
1778, 1796
1796, 1811
1811, 1789
1789, 1795
1795, 1804
1804, 1781
1789, 1797
1797, 1806
1806, 1782
1811, 1790
1790, 1798
1798, 1807
1807, 1783
1790, 1799
1799, 1808
1808, 1784
1796, 1779
1779, 1791
1791, 1800
1800, 1809
1809, 1785
1791, 1801
1801, 1810
1810, 1786
1779, 1792
1792, 1802
1802, 1812
1812, 1788
1813, 1814
1814, 1829
1829, 1841
1841, 1823
1823, 1830
1830, 1839
1839, 1816
1814, 1832
1832, 1847
1847, 1825
1825, 1831
1831, 1840
1840, 1817
1825, 1833
1833, 1842
1842, 1818
1847, 1826
1826, 1834
1834, 1843
1843, 1819
1826, 1835
1835, 1844
1844, 1820
1832, 1815
1815, 1827
1827, 1836
1836, 1845
1845, 1821
1827, 1837
1837, 1846
1846, 1822
1815, 1828
1828, 1838
1838, 1848
1848, 1824
1849, 1850
1850, 1865
1865, 1877
1877, 1859
1859, 1866
1866, 1875
1875, 1852
1850, 1868
1868, 1883
1883, 1861
1861, 1867
1867, 1876
1876, 1853
1861, 1869
1869, 1878
1878, 1854
1883, 1862
1862, 1870
1870, 1879
1879, 1855
1862, 1871
1871, 1880
1880, 1856
1868, 1851
1851, 1863
1863, 1872
1872, 1881
1881, 1857
1863, 1873
1873, 1882
1882, 1858
1851, 1864
1864, 1874
1874, 1884
1884, 1860
1885, 1886
1886, 1901
1901, 1913
1913, 1895
1895, 1902
1902, 1911
1911, 1888
1886, 1904
1904, 1919
1919, 1897
1897, 1903
1903, 1912
1912, 1889
1897, 1905
1905, 1914
1914, 1890
1919, 1898
1898, 1906
1906, 1915
1915, 1891
1898, 1907
1907, 1916
1916, 1892
1904, 1887
1887, 1899
1899, 1908
1908, 1917
1917, 1893
1899, 1909
1909, 1918
1918, 1894
1887, 1900
1900, 1910
1910, 1920
1920, 1896
1921, 1922
1922, 1937
1937, 1949
1949, 1931
1931, 1938
1938, 1947
1947, 1924
1922, 1940
1940, 1955
1955, 1933
1933, 1939
1939, 1948
1948, 1925
1933, 1941
1941, 1950
1950, 1926
1955, 1934
1934, 1942
1942, 1951
1951, 1927
1934, 1943
1943, 1952
1952, 1928
1940, 1923
1923, 1935
1935, 1944
1944, 1953
1953, 1929
1935, 1945
1945, 1954
1954, 1930
1923, 1936
1936, 1946
1946, 1956
1956, 1932
1957, 1958
1958, 1973
1973, 1985
1985, 1967
1967, 1974
1974, 1983
1983, 1960
1958, 1976
1976, 1991
1991, 1969
1969, 1975
1975, 1984
1984, 1961
1969, 1977
1977, 1986
1986, 1962
1991, 1970
1970, 1978
1978, 1987
1987, 1963
1970, 1979
1979, 1988
1988, 1964
1976, 1959
1959, 1971
1971, 1980
1980, 1989
1989, 1965
1971, 1981
1981, 1990
1990, 1966
1959, 1972
1972, 1982
1982, 1992
1992, 1968
1993, 1994
1994, 2009
2009, 2021
2021, 2003
2003, 2010
2010, 2019
2019, 1996
1994, 2012
2012, 2027
2027, 2005
2005, 2011
2011, 2020
2020, 1997
2005, 2013
2013, 2022
2022, 1998
2027, 2006
2006, 2014
2014, 2023
2023, 1999
2006, 2015
2015, 2024
2024, 2000
2012, 1995
1995, 2007
2007, 2016
2016, 2025
2025, 2001
2007, 2017
2017, 2026
2026, 2002
1995, 2008
2008, 2018
2018, 2028
2028, 2004
2029, 2030
2030, 2045
2045, 2057
2057, 2039
2039, 2046
2046, 2055
2055, 2032
2030, 2048
2048, 2063
2063, 2041
2041, 2047
2047, 2056
2056, 2033
2041, 2049
2049, 2058
2058, 2034
2063, 2042
2042, 2050
2050, 2059
2059, 2035
2042, 2051
2051, 2060
2060, 2036
2048, 2031
2031, 2043
2043, 2052
2052, 2061
2061, 2037
2043, 2053
2053, 2062
2062, 2038
2031, 2044
2044, 2054
2054, 2064
2064, 2040
2065, 2066
2066, 2081
2081, 2093
2093, 2075
2075, 2082
2082, 2091
2091, 2068
2066, 2084
2084, 2099
2099, 2077
2077, 2083
2083, 2092
2092, 2069
2077, 2085
2085, 2094
2094, 2070
2099, 2078
2078, 2086
2086, 2095
2095, 2071
2078, 2087
2087, 2096
2096, 2072
2084, 2067
2067, 2079
2079, 2088
2088, 2097
2097, 2073
2079, 2089
2089, 2098
2098, 2074
2067, 2080
2080, 2090
2090, 2100
2100, 2076
2101, 2102
2102, 2110
2110, 2119
2119, 2107
2107, 2111
2111, 2116
2116, 2103
2107, 2112
2112, 2117
2117, 2104
2119, 2108
2108, 2113
2113, 2118
2118, 2105
2102, 2114
2114, 2121
2121, 2109
2109, 2115
2115, 2120
2120, 2106
2122, 2123
2123, 2132
2132, 2138
2138, 2127
2127, 2133
2133, 2139
2139, 2124
2132, 2142
2142, 2129
2129, 2134
2134, 2140
2140, 2125
2142, 2130
2130, 2135
2135, 2141
2141, 2126
2123, 2136
2136, 2144
2144, 2131
2131, 2137
2137, 2143
2143, 2128
2145, 2146
2146, 2154
2154, 2159
2159, 2151
2151, 2155
2155, 2160
2160, 2147
2154, 2164
2164, 2152
2152, 2156
2156, 2161
2161, 2148
2152, 2157
2157, 2162
2162, 2149
2164, 2153
2153, 2158
2158, 2163
2163, 2150
2165, 2166
2166, 2176
2176, 2183
2183, 2171
2171, 2177
2177, 2184
2184, 2167
2176, 2188
2188, 2173
2173, 2178
2178, 2185
2185, 2168
2188, 2174
2174, 2179
2179, 2186
2186, 2169
2174, 2180
2180, 2187
2187, 2170
2166, 2181
2181, 2190
2190, 2175
2175, 2182
2182, 2189
2189, 2172
2191, 2192
2192, 2199
2199, 2203
2203, 2196
2196, 2200
2200, 2204
2204, 2193
2199, 2207
2207, 2197
2197, 2201
2201, 2205
2205, 2194
2207, 2198
2198, 2202
2202, 2206
2206, 2195
2208, 2209
2209, 2219
2219, 2226
2226, 2214
2214, 2220
2220, 2227
2227, 2210
2219, 2231
2231, 2216
2216, 2221
2221, 2228
2228, 2211
2216, 2222
2222, 2229
2229, 2212
2231, 2217
2217, 2223
2223, 2230
2230, 2213
2209, 2224
2224, 2233
2233, 2218
2218, 2225
2225, 2232
2232, 2215
2234, 2235
2235, 2243
2243, 2252
2252, 2240
2240, 2244
2244, 2249
2249, 2236
2240, 2245
2245, 2250
2250, 2237
2252, 2241
2241, 2246
2246, 2251
2251, 2238
2235, 2247
2247, 2254
2254, 2242
2242, 2248
2248, 2253
2253, 2239
2255, 2256
2256, 2265
2265, 2271
2271, 2260
2260, 2266
2266, 2272
2272, 2257
2265, 2275
2275, 2262
2262, 2267
2267, 2273
2273, 2258
2275, 2263
2263, 2268
2268, 2274
2274, 2259
2256, 2269
2269, 2277
2277, 2264
2264, 2270
2270, 2276
2276, 2261
2278, 2279
2279, 2288
2288, 2294
2294, 2283
2283, 2289
2289, 2295
2295, 2280
2288, 2298
2298, 2285
2285, 2290
2290, 2296
2296, 2281
2298, 2286
2286, 2291
2291, 2297
2297, 2282
2279, 2292
2292, 2300
2300, 2287
2287, 2293
2293, 2299
2299, 2284
2301, 2302
2302, 2311
2311, 2317
2317, 2306
2306, 2312
2312, 2318
2318, 2303
2311, 2321
2321, 2308
2308, 2313
2313, 2319
2319, 2304
2321, 2309
2309, 2314
2314, 2320
2320, 2305
2302, 2315
2315, 2323
2323, 2310
2310, 2316
2316, 2322
2322, 2307
2324, 2325
2325, 2332
2332, 2340
2340, 2330
2330, 2333
2333, 2336
2336, 2326
2333, 2337
2337, 2327
2340, 2331
2331, 2334
2334, 2338
2338, 2328
2331, 2335
2335, 2339
2339, 2329
2341, 2342
2342, 2351
2351, 2357
2357, 2346
2346, 2352
2352, 2358
2358, 2343
2351, 2361
2361, 2348
2348, 2353
2353, 2359
2359, 2344
2361, 2349
2349, 2354
2354, 2360
2360, 2345
2342, 2355
2355, 2363
2363, 2350
2350, 2356
2356, 2362
2362, 2347
2364, 2365
2365, 2374
2374, 2380
2380, 2369
2369, 2375
2375, 2381
2381, 2366
2374, 2384
2384, 2371
2371, 2376
2376, 2382
2382, 2367
2384, 2372
2372, 2377
2377, 2383
2383, 2368
2365, 2378
2378, 2386
2386, 2373
2373, 2379
2379, 2385
2385, 2370
2387, 2388
2388, 2398
2398, 2405
2405, 2393
2393, 2399
2399, 2406
2406, 2389
2398, 2410
2410, 2395
2395, 2400
2400, 2407
2407, 2390
2410, 2396
2396, 2401
2401, 2408
2408, 2391
2396, 2402
2402, 2409
2409, 2392
2388, 2403
2403, 2412
2412, 2397
2397, 2404
2404, 2411
2411, 2394
2413, 2414
2414, 2423
2423, 2429
2429, 2418
2418, 2424
2424, 2430
2430, 2415
2423, 2433
2433, 2420
2420, 2425
2425, 2431
2431, 2416
2433, 2421
2421, 2426
2426, 2432
2432, 2417
2414, 2427
2427, 2435
2435, 2422
2422, 2428
2428, 2434
2434, 2419
2436, 2437
2437, 2447
2447, 2454
2454, 2442
2442, 2448
2448, 2455
2455, 2438
2447, 2459
2459, 2444
2444, 2449
2449, 2456
2456, 2439
2444, 2450
2450, 2457
2457, 2440
2459, 2445
2445, 2451
2451, 2458
2458, 2441
2437, 2452
2452, 2461
2461, 2446
2446, 2453
2453, 2460
2460, 2443
2462, 2463
2463, 2472
2472, 2482
2482, 2469
2469, 2473
2473, 2478
2478, 2464
2473, 2479
2479, 2465
2482, 2470
2470, 2474
2474, 2480
2480, 2466
2470, 2475
2475, 2481
2481, 2467
2463, 2476
2476, 2484
2484, 2471
2471, 2477
2477, 2483
2483, 2468
2485, 2486
2486, 2493
2493, 2501
2501, 2491
2491, 2494
2494, 2497
2497, 2487
2494, 2498
2498, 2488
2501, 2492
2492, 2495
2495, 2499
2499, 2489
2492, 2496
2496, 2500
2500, 2490
2502, 2503
2503, 2509
2509, 2516
2516, 2507
2507, 2510
2510, 2513
2513, 2504
2507, 2511
2511, 2514
2514, 2505
2516, 2508
2508, 2512
2512, 2515
2515, 2506
2517, 2518
2518, 2526
2526, 2534
2534, 2523
2523, 2527
2527, 2531
2531, 2519
2527, 2532
2532, 2520
2534, 2524
2524, 2528
2528, 2533
2533, 2521
2518, 2530
2530, 2536
2536, 2525
2525, 2529
2529, 2535
2535, 2522
2537, 2538
2538, 2551
2551, 2559
2559, 2544
2544, 2552
2552, 2558
2558, 2541
2538, 2553
2553, 2539
2539, 2549
2549, 2554
2554, 2560
2560, 2542
2554, 2561
2561, 2543
2549, 2555
2555, 2562
2562, 2545
2555, 2563
2563, 2546
2537, 2548
2548, 2557
2557, 2540
2540, 2550
2550, 2556
2556, 2564
2564, 2547
2565, 2566
2566, 2579
2579, 2587
2587, 2572
2572, 2580
2580, 2586
2586, 2569
2566, 2581
2581, 2567
2567, 2577
2577, 2582
2582, 2588
2588, 2570
2582, 2589
2589, 2571
2577, 2583
2583, 2590
2590, 2573
2583, 2591
2591, 2574
2565, 2576
2576, 2585
2585, 2568
2568, 2578
2578, 2584
2584, 2592
2592, 2575
2593, 2594
2594, 2606
2606, 2614
2614, 2600
2600, 2607
2607, 2613
2613, 2597
2594, 2608
2608, 2595
2595, 2604
2604, 2609
2609, 2615
2615, 2598
2609, 2616
2616, 2599
2604, 2610
2610, 2617
2617, 2601
2593, 2603
2603, 2612
2612, 2596
2596, 2605
2605, 2611
2611, 2618
2618, 2602
2619, 2620
2620, 2633
2633, 2641
2641, 2626
2626, 2634
2634, 2640
2640, 2623
2620, 2635
2635, 2621
2621, 2631
2631, 2636
2636, 2642
2642, 2624
2636, 2643
2643, 2625
2631, 2637
2637, 2644
2644, 2627
2637, 2645
2645, 2628
2619, 2630
2630, 2639
2639, 2622
2622, 2632
2632, 2638
2638, 2646
2646, 2629
2647, 2648
2648, 2661
2661, 2669
2669, 2654
2654, 2662
2662, 2668
2668, 2651
2648, 2663
2663, 2649
2649, 2659
2659, 2664
2664, 2670
2670, 2652
2664, 2671
2671, 2653
2659, 2665
2665, 2672
2672, 2655
2665, 2673
2673, 2656
2647, 2658
2658, 2667
2667, 2650
2650, 2660
2660, 2666
2666, 2674
2674, 2657
2675, 2676
2676, 2688
2688, 2696
2696, 2682
2682, 2689
2689, 2695
2695, 2679
2676, 2690
2690, 2677
2677, 2686
2686, 2691
2691, 2697
2697, 2680
2691, 2698
2698, 2681
2686, 2692
2692, 2699
2699, 2683
2675, 2685
2685, 2694
2694, 2678
2678, 2687
2687, 2693
2693, 2700
2700, 2684
2701, 2702
2702, 2714
2714, 2722
2722, 2708
2708, 2715
2715, 2721
2721, 2705
2702, 2716
2716, 2703
2703, 2712
2712, 2717
2717, 2723
2723, 2706
2717, 2724
2724, 2707
2712, 2718
2718, 2725
2725, 2709
2701, 2711
2711, 2720
2720, 2704
2704, 2713
2713, 2719
2719, 2726
2726, 2710
2727, 2728
2728, 2740
2740, 2748
2748, 2734
2734, 2741
2741, 2747
2747, 2731
2728, 2742
2742, 2729
2729, 2738
2738, 2743
2743, 2749
2749, 2732
2743, 2750
2750, 2733
2738, 2744
2744, 2751
2751, 2735
2727, 2737
2737, 2746
2746, 2730
2730, 2739
2739, 2745
2745, 2752
2752, 2736
2753, 2754
2754, 2766
2766, 2774
2774, 2760
2760, 2767
2767, 2773
2773, 2757
2754, 2768
2768, 2755
2755, 2764
2764, 2769
2769, 2775
2775, 2758
2769, 2776
2776, 2759
2764, 2770
2770, 2777
2777, 2761
2753, 2763
2763, 2772
2772, 2756
2756, 2765
2765, 2771
2771, 2778
2778, 2762
2779, 2780
2780, 2792
2792, 2800
2800, 2786
2786, 2793
2793, 2799
2799, 2783
2780, 2794
2794, 2781
2781, 2790
2790, 2795
2795, 2801
2801, 2784
2795, 2802
2802, 2785
2790, 2796
2796, 2803
2803, 2787
2779, 2789
2789, 2798
2798, 2782
2782, 2791
2791, 2797
2797, 2804
2804, 2788
2805, 2806
2806, 2819
2819, 2827
2827, 2812
2812, 2820
2820, 2826
2826, 2809
2806, 2821
2821, 2807
2807, 2817
2817, 2822
2822, 2828
2828, 2810
2822, 2829
2829, 2811
2817, 2823
2823, 2830
2830, 2813
2823, 2831
2831, 2814
2805, 2816
2816, 2825
2825, 2808
2808, 2818
2818, 2824
2824, 2832
2832, 2815
2833, 2834
2834, 2846
2846, 2854
2854, 2840
2840, 2847
2847, 2853
2853, 2837
2834, 2848
2848, 2835
2835, 2844
2844, 2849
2849, 2855
2855, 2838
2849, 2856
2856, 2839
2844, 2850
2850, 2857
2857, 2841
2833, 2843
2843, 2852
2852, 2836
2836, 2845
2845, 2851
2851, 2858
2858, 2842
2859, 2860
2860, 2873
2873, 2881
2881, 2866
2866, 2874
2874, 2880
2880, 2863
2860, 2875
2875, 2861
2861, 2871
2871, 2876
2876, 2882
2882, 2864
2876, 2883
2883, 2865
2871, 2877
2877, 2884
2884, 2867
2877, 2885
2885, 2868
2859, 2870
2870, 2879
2879, 2862
2862, 2872
2872, 2878
2878, 2886
2886, 2869
2887, 2888
2888, 2901
2901, 2909
2909, 2894
2894, 2902
2902, 2908
2908, 2891
2888, 2903
2903, 2889
2889, 2899
2899, 2904
2904, 2910
2910, 2892
2904, 2911
2911, 2893
2899, 2905
2905, 2912
2912, 2895
2905, 2913
2913, 2896
2887, 2898
2898, 2907
2907, 2890
2890, 2900
2900, 2906
2906, 2914
2914, 2897
2915, 2916
2916, 2929
2929, 2937
2937, 2922
2922, 2930
2930, 2936
2936, 2919
2916, 2931
2931, 2917
2917, 2927
2927, 2932
2932, 2938
2938, 2920
2932, 2939
2939, 2921
2927, 2933
2933, 2940
2940, 2923
2933, 2941
2941, 2924
2915, 2926
2926, 2935
2935, 2918
2918, 2928
2928, 2934
2934, 2942
2942, 2925
2943, 2944
2944, 2957
2957, 2965
2965, 2950
2950, 2958
2958, 2964
2964, 2947
2944, 2959
2959, 2945
2945, 2955
2955, 2960
2960, 2966
2966, 2948
2960, 2967
2967, 2949
2955, 2961
2961, 2968
2968, 2951
2961, 2969
2969, 2952
2943, 2954
2954, 2963
2963, 2946
2946, 2956
2956, 2962
2962, 2970
2970, 2953
2971, 2972
2972, 2985
2985, 2993
2993, 2978
2978, 2986
2986, 2992
2992, 2975
2972, 2987
2987, 2973
2973, 2983
2983, 2988
2988, 2994
2994, 2976
2988, 2995
2995, 2977
2983, 2989
2989, 2996
2996, 2979
2989, 2997
2997, 2980
2971, 2982
2982, 2991
2991, 2974
2974, 2984
2984, 2990
2990, 2998
2998, 2981
2999, 3000
3000, 3013
3013, 3021
3021, 3006
3006, 3014
3014, 3020
3020, 3003
3000, 3015
3015, 3001
3001, 3011
3011, 3016
3016, 3022
3022, 3004
3016, 3023
3023, 3005
3011, 3017
3017, 3024
3024, 3007
3017, 3025
3025, 3008
2999, 3010
3010, 3019
3019, 3002
3002, 3012
3012, 3018
3018, 3026
3026, 3009
3027, 3028
3028, 3040
3040, 3048
3048, 3034
3034, 3041
3041, 3047
3047, 3031
3028, 3042
3042, 3029
3029, 3038
3038, 3043
3043, 3049
3049, 3032
3043, 3050
3050, 3033
3038, 3044
3044, 3051
3051, 3035
3027, 3037
3037, 3046
3046, 3030
3030, 3039
3039, 3045
3045, 3052
3052, 3036
3053, 3054
3054, 3067
3067, 3075
3075, 3060
3060, 3068
3068, 3074
3074, 3057
3054, 3069
3069, 3055
3055, 3065
3065, 3070
3070, 3076
3076, 3058
3070, 3077
3077, 3059
3065, 3071
3071, 3078
3078, 3061
3071, 3079
3079, 3062
3053, 3064
3064, 3073
3073, 3056
3056, 3066
3066, 3072
3072, 3080
3080, 3063
3081, 3082
3082, 3093
3093, 3101
3101, 3086
3086, 3094
3094, 3102
3102, 3083
3093, 3106
3106, 3090
3090, 3095
3095, 3103
3103, 3084
3090, 3096
3096, 3104
3104, 3085
3082, 3098
3098, 3109
3109, 3091
3091, 3097
3097, 3105
3105, 3087
3091, 3099
3099, 3107
3107, 3088
3109, 3092
3092, 3100
3100, 3108
3108, 3089
3110, 3111
3111, 3123
3123, 3131
3131, 3116
3116, 3124
3124, 3132
3132, 3112
3123, 3137
3137, 3119
3119, 3125
3125, 3133
3133, 3113
3137, 3120
3120, 3126
3126, 3134
3134, 3114
3120, 3127
3127, 3135
3135, 3115
3111, 3129
3129, 3139
3139, 3121
3121, 3128
3128, 3136
3136, 3117
3139, 3122
3122, 3130
3130, 3138
3138, 3118
3140, 3141
3141, 3152
3152, 3160
3160, 3145
3145, 3153
3153, 3161
3161, 3142
3152, 3165
3165, 3149
3149, 3154
3154, 3162
3162, 3143
3149, 3155
3155, 3163
3163, 3144
3141, 3157
3157, 3168
3168, 3150
3150, 3156
3156, 3164
3164, 3146
3150, 3158
3158, 3166
3166, 3147
3168, 3151
3151, 3159
3159, 3167
3167, 3148
3169, 3170
3170, 3182
3182, 3190
3190, 3174
3174, 3183
3183, 3191
3191, 3171
3182, 3195
3195, 3179
3179, 3184
3184, 3192
3192, 3172
3179, 3185
3185, 3193
3193, 3173
3170, 3187
3187, 3199
3199, 3180
3180, 3186
3186, 3194
3194, 3175
3186, 3196
3196, 3176
3180, 3188
3188, 3197
3197, 3177
3199, 3181
3181, 3189
3189, 3198
3198, 3178
3200, 3201
3201, 3213
3213, 3225
3225, 3209
3209, 3214
3214, 3221
3221, 3202
3225, 3210
3210, 3215
3215, 3222
3222, 3203
3210, 3216
3216, 3223
3223, 3204
3201, 3218
3218, 3229
3229, 3211
3211, 3217
3217, 3224
3224, 3205
3217, 3226
3226, 3206
3211, 3219
3219, 3227
3227, 3207
3229, 3212
3212, 3220
3220, 3228
3228, 3208
3230, 3231
3231, 3244
3244, 3253
3253, 3236
3236, 3245
3245, 3254
3254, 3232
3244, 3259
3259, 3240
3240, 3246
3246, 3255
3255, 3233
3259, 3241
3241, 3247
3247, 3256
3256, 3234
3241, 3248
3248, 3257
3257, 3235
3231, 3250
3250, 3262
3262, 3242
3242, 3249
3249, 3258
3258, 3237
3242, 3251
3251, 3260
3260, 3238
3262, 3243
3243, 3252
3252, 3261
3261, 3239
3263, 3264
3264, 3276
3276, 3284
3284, 3268
3268, 3277
3277, 3285
3285, 3265
3276, 3289
3289, 3273
3273, 3278
3278, 3286
3286, 3266
3273, 3279
3279, 3287
3287, 3267
3264, 3281
3281, 3293
3293, 3274
3274, 3280
3280, 3288
3288, 3269
3280, 3290
3290, 3270
3274, 3282
3282, 3291
3291, 3271
3293, 3275
3275, 3283
3283, 3292
3292, 3272
3294, 3295
3295, 3308
3308, 3317
3317, 3300
3300, 3309
3309, 3318
3318, 3296
3308, 3323
3323, 3304
3304, 3310
3310, 3319
3319, 3297
3323, 3305
3305, 3311
3311, 3320
3320, 3298
3305, 3312
3312, 3321
3321, 3299
3295, 3314
3314, 3326
3326, 3306
3306, 3313
3313, 3322
3322, 3301
3306, 3315
3315, 3324
3324, 3302
3326, 3307
3307, 3316
3316, 3325
3325, 3303
3327, 3328
3328, 3339
3339, 3347
3347, 3332
3332, 3340
3340, 3348
3348, 3329
3339, 3352
3352, 3336
3336, 3341
3341, 3349
3349, 3330
3336, 3342
3342, 3350
3350, 3331
3328, 3344
3344, 3355
3355, 3337
3337, 3343
3343, 3351
3351, 3333
3337, 3345
3345, 3353
3353, 3334
3355, 3338
3338, 3346
3346, 3354
3354, 3335
3356, 3357
3357, 3369
3369, 3377
3377, 3361
3361, 3370
3370, 3378
3378, 3358
3369, 3382
3382, 3366
3366, 3371
3371, 3379
3379, 3359
3366, 3372
3372, 3380
3380, 3360
3357, 3374
3374, 3386
3386, 3367
3367, 3373
3373, 3381
3381, 3362
3373, 3383
3383, 3363
3367, 3375
3375, 3384
3384, 3364
3386, 3368
3368, 3376
3376, 3385
3385, 3365
3387, 3388
3388, 3399
3399, 3407
3407, 3392
3392, 3400
3400, 3408
3408, 3389
3399, 3412
3412, 3396
3396, 3401
3401, 3409
3409, 3390
3396, 3402
3402, 3410
3410, 3391
3388, 3404
3404, 3415
3415, 3397
3397, 3403
3403, 3411
3411, 3393
3397, 3405
3405, 3413
3413, 3394
3415, 3398
3398, 3406
3406, 3414
3414, 3395
3416, 3417
3417, 3428
3428, 3436
3436, 3421
3421, 3429
3429, 3437
3437, 3418
3428, 3441
3441, 3425
3425, 3430
3430, 3438
3438, 3419
3425, 3431
3431, 3439
3439, 3420
3417, 3433
3433, 3444
3444, 3426
3426, 3432
3432, 3440
3440, 3422
3426, 3434
3434, 3442
3442, 3423
3444, 3427
3427, 3435
3435, 3443
3443, 3424
3445, 3446
3446, 3458
3458, 3466
3466, 3450
3450, 3459
3459, 3467
3467, 3447
3458, 3471
3471, 3455
3455, 3460
3460, 3468
3468, 3448
3455, 3461
3461, 3469
3469, 3449
3446, 3463
3463, 3475
3475, 3456
3456, 3462
3462, 3470
3470, 3451
3462, 3472
3472, 3452
3456, 3464
3464, 3473
3473, 3453
3475, 3457
3457, 3465
3465, 3474
3474, 3454
3476, 3477
3477, 3489
3489, 3501
3501, 3485
3485, 3490
3490, 3497
3497, 3478
3501, 3486
3486, 3491
3491, 3498
3498, 3479
3486, 3492
3492, 3499
3499, 3480
3477, 3494
3494, 3505
3505, 3487
3487, 3493
3493, 3500
3500, 3481
3493, 3502
3502, 3482
3487, 3495
3495, 3503
3503, 3483
3505, 3488
3488, 3496
3496, 3504
3504, 3484
3506, 3507
3507, 3520
3520, 3529
3529, 3512
3512, 3521
3521, 3530
3530, 3508
3520, 3535
3535, 3516
3516, 3522
3522, 3531
3531, 3509
3535, 3517
3517, 3523
3523, 3532
3532, 3510
3517, 3524
3524, 3533
3533, 3511
3507, 3526
3526, 3538
3538, 3518
3518, 3525
3525, 3534
3534, 3513
3518, 3527
3527, 3536
3536, 3514
3538, 3519
3519, 3528
3528, 3537
3537, 3515
3539, 3540
3540, 3552
3552, 3560
3560, 3544
3544, 3553
3553, 3561
3561, 3541
3552, 3565
3565, 3549
3549, 3554
3554, 3562
3562, 3542
3549, 3555
3555, 3563
3563, 3543
3540, 3557
3557, 3569
3569, 3550
3550, 3556
3556, 3564
3564, 3545
3556, 3566
3566, 3546
3550, 3558
3558, 3567
3567, 3547
3569, 3551
3551, 3559
3559, 3568
3568, 3548
3570, 3571
3571, 3582
3582, 3590
3590, 3575
3575, 3583
3583, 3591
3591, 3572
3582, 3595
3595, 3579
3579, 3584
3584, 3592
3592, 3573
3579, 3585
3585, 3593
3593, 3574
3571, 3587
3587, 3598
3598, 3580
3580, 3586
3586, 3594
3594, 3576
3580, 3588
3588, 3596
3596, 3577
3598, 3581
3581, 3589
3589, 3597
3597, 3578
3599, 3600
3600, 3611
3611, 3623
3623, 3607
3607, 3612
3612, 3619
3619, 3601
3623, 3608
3608, 3613
3613, 3620
3620, 3602
3608, 3614
3614, 3621
3621, 3603
3600, 3616
3616, 3626
3626, 3609
3609, 3615
3615, 3622
3622, 3604
3609, 3617
3617, 3624
3624, 3605
3626, 3610
3610, 3618
3618, 3625
3625, 3606
3627, 3628
3628, 3641
3641, 3650
3650, 3633
3633, 3642
3642, 3651
3651, 3629
3641, 3656
3656, 3637
3637, 3643
3643, 3652
3652, 3630
3656, 3638
3638, 3644
3644, 3653
3653, 3631
3638, 3645
3645, 3654
3654, 3632
3628, 3647
3647, 3659
3659, 3639
3639, 3646
3646, 3655
3655, 3634
3639, 3648
3648, 3657
3657, 3635
3659, 3640
3640, 3649
3649, 3658
3658, 3636
3660, 3661
3661, 3673
3673, 3681
3681, 3665
3665, 3674
3674, 3682
3682, 3662
3673, 3686
3686, 3670
3670, 3675
3675, 3683
3683, 3663
3670, 3676
3676, 3684
3684, 3664
3661, 3678
3678, 3690
3690, 3671
3671, 3677
3677, 3685
3685, 3666
3677, 3687
3687, 3667
3671, 3679
3679, 3688
3688, 3668
3690, 3672
3672, 3680
3680, 3689
3689, 3669
3691, 3692
3692, 3700
3700, 3707
3707, 3698
3698, 3701
3701, 3705
3705, 3694
3698, 3702
3702, 3706
3706, 3695
3692, 3703
3703, 3693
3693, 3699
3699, 3704
3704, 3708
3708, 3696
3704, 3709
3709, 3697
3710, 3711
3711, 3719
3719, 3726
3726, 3717
3717, 3720
3720, 3724
3724, 3713
3717, 3721
3721, 3725
3725, 3714
3711, 3722
3722, 3712
3712, 3718
3718, 3723
3723, 3727
3727, 3715
3723, 3728
3728, 3716
3729, 3730
3730, 3738
3738, 3745
3745, 3736
3736, 3739
3739, 3743
3743, 3732
3736, 3740
3740, 3744
3744, 3733
3730, 3741
3741, 3731
3731, 3737
3737, 3742
3742, 3746
3746, 3734
3742, 3747
3747, 3735
3748, 3749
3749, 3757
3757, 3764
3764, 3755
3755, 3758
3758, 3762
3762, 3751
3755, 3759
3759, 3763
3763, 3752
3749, 3760
3760, 3750
3750, 3756
3756, 3761
3761, 3765
3765, 3753
3761, 3766
3766, 3754
3767, 3768
3768, 3776
3776, 3783
3783, 3774
3774, 3777
3777, 3781
3781, 3770
3774, 3778
3778, 3782
3782, 3771
3768, 3779
3779, 3769
3769, 3775
3775, 3780
3780, 3784
3784, 3772
3780, 3785
3785, 3773
3786, 3787
3787, 3795
3795, 3802
3802, 3793
3793, 3796
3796, 3800
3800, 3789
3793, 3797
3797, 3801
3801, 3790
3787, 3798
3798, 3788
3788, 3794
3794, 3799
3799, 3803
3803, 3791
3799, 3804
3804, 3792
3805, 3806
3806, 3814
3814, 3821
3821, 3812
3812, 3815
3815, 3819
3819, 3808
3812, 3816
3816, 3820
3820, 3809
3806, 3817
3817, 3807
3807, 3813
3813, 3818
3818, 3822
3822, 3810
3818, 3823
3823, 3811
3824, 3825
3825, 3833
3833, 3840
3840, 3831
3831, 3834
3834, 3838
3838, 3827
3831, 3835
3835, 3839
3839, 3828
3825, 3836
3836, 3826
3826, 3832
3832, 3837
3837, 3841
3841, 3829
3837, 3842
3842, 3830
3843, 3844
3844, 3852
3852, 3859
3859, 3850
3850, 3853
3853, 3857
3857, 3846
3850, 3854
3854, 3858
3858, 3847
3844, 3855
3855, 3845
3845, 3851
3851, 3856
3856, 3860
3860, 3848
3856, 3861
3861, 3849
3862, 3863
3863, 3871
3871, 3878
3878, 3869
3869, 3872
3872, 3876
3876, 3865
3869, 3873
3873, 3877
3877, 3866
3863, 3874
3874, 3864
3864, 3870
3870, 3875
3875, 3879
3879, 3867
3875, 3880
3880, 3868
3881, 3882
3882, 3890
3890, 3897
3897, 3888
3888, 3891
3891, 3895
3895, 3884
3888, 3892
3892, 3896
3896, 3885
3882, 3893
3893, 3883
3883, 3889
3889, 3894
3894, 3898
3898, 3886
3894, 3899
3899, 3887
3900, 3901
3901, 3909
3909, 3916
3916, 3907
3907, 3910
3910, 3914
3914, 3903
3907, 3911
3911, 3915
3915, 3904
3901, 3912
3912, 3902
3902, 3908
3908, 3913
3913, 3917
3917, 3905
3913, 3918
3918, 3906
3919, 3920
3920, 3928
3928, 3935
3935, 3926
3926, 3929
3929, 3933
3933, 3922
3926, 3930
3930, 3934
3934, 3923
3920, 3931
3931, 3921
3921, 3927
3927, 3932
3932, 3936
3936, 3924
3932, 3937
3937, 3925
3938, 3939
3939, 3947
3947, 3954
3954, 3945
3945, 3948
3948, 3952
3952, 3941
3945, 3949
3949, 3953
3953, 3942
3939, 3950
3950, 3940
3940, 3946
3946, 3951
3951, 3955
3955, 3943
3951, 3956
3956, 3944
3957, 3958
3958, 3966
3966, 3973
3973, 3964
3964, 3967
3967, 3971
3971, 3960
3964, 3968
3968, 3972
3972, 3961
3958, 3969
3969, 3959
3959, 3965
3965, 3970
3970, 3974
3974, 3962
3970, 3975
3975, 3963
3976, 3977
3977, 3985
3985, 3992
3992, 3983
3983, 3986
3986, 3990
3990, 3979
3983, 3987
3987, 3991
3991, 3980
3977, 3988
3988, 3978
3978, 3984
3984, 3989
3989, 3993
3993, 3981
3989, 3994
3994, 3982
3995, 3996
3996, 4004
4004, 4011
4011, 4002
4002, 4005
4005, 4009
4009, 3998
4002, 4006
4006, 4010
4010, 3999
3996, 4007
4007, 3997
3997, 4003
4003, 4008
4008, 4012
4012, 4000
4008, 4013
4013, 4001
4014, 4015
4015, 4023
4023, 4030
4030, 4021
4021, 4024
4024, 4028
4028, 4017
4021, 4025
4025, 4029
4029, 4018
4015, 4026
4026, 4016
4016, 4022
4022, 4027
4027, 4031
4031, 4019
4027, 4032
4032, 4020
4033, 4034
4034, 4042
4042, 4049
4049, 4040
4040, 4043
4043, 4047
4047, 4036
4040, 4044
4044, 4048
4048, 4037
4034, 4045
4045, 4035
4035, 4041
4041, 4046
4046, 4050
4050, 4038
4046, 4051
4051, 4039
4052, 4053
4053, 4061
4061, 4068
4068, 4059
4059, 4062
4062, 4066
4066, 4055
4059, 4063
4063, 4067
4067, 4056
4053, 4064
4064, 4054
4054, 4060
4060, 4065
4065, 4069
4069, 4057
4065, 4070
4070, 4058
4071, 4072
4072, 4083
4083, 4091
4091, 4076
4076, 4084
4084, 4090
4090, 4073
4084, 4092
4092, 4074
4083, 4094
4094, 4080
4080, 4085
4085, 4093
4093, 4075
4072, 4087
4087, 4098
4098, 4081
4081, 4086
4086, 4095
4095, 4077
4081, 4088
4088, 4096
4096, 4078
4098, 4082
4082, 4089
4089, 4097
4097, 4079
4099, 4100
4100, 4110
4110, 4117
4117, 4103
4103, 4111
4111, 4118
4118, 4101
4110, 4120
4120, 4107
4107, 4112
4112, 4119
4119, 4102
4100, 4114
4114, 4124
4124, 4108
4108, 4113
4113, 4121
4121, 4104
4108, 4115
4115, 4122
4122, 4105
4124, 4109
4109, 4116
4116, 4123
4123, 4106
4125, 4126
4126, 4136
4136, 4143
4143, 4129
4129, 4137
4137, 4144
4144, 4127
4136, 4146
4146, 4133
4133, 4138
4138, 4145
4145, 4128
4126, 4140
4140, 4150
4150, 4134
4134, 4139
4139, 4147
4147, 4130
4134, 4141
4141, 4148
4148, 4131
4150, 4135
4135, 4142
4142, 4149
4149, 4132
4151, 4152
4152, 4163
4163, 4170
4170, 4156
4156, 4164
4164, 4171
4171, 4153
4163, 4174
4174, 4160
4160, 4165
4165, 4172
4172, 4154
4152, 4167
4167, 4178
4178, 4161
4161, 4166
4166, 4173
4173, 4155
4166, 4175
4175, 4157
4161, 4168
4168, 4176
4176, 4158
4178, 4162
4162, 4169
4169, 4177
4177, 4159
4179, 4180
4180, 4190
4190, 4197
4197, 4183
4183, 4191
4191, 4198
4198, 4181
4190, 4200
4200, 4187
4187, 4192
4192, 4199
4199, 4182
4180, 4194
4194, 4204
4204, 4188
4188, 4193
4193, 4201
4201, 4184
4188, 4195
4195, 4202
4202, 4185
4204, 4189
4189, 4196
4196, 4203
4203, 4186
4205, 4206
4206, 4218
4218, 4226
4226, 4210
4210, 4219
4219, 4225
4225, 4207
4219, 4227
4227, 4208
4218, 4229
4229, 4215
4215, 4220
4220, 4228
4228, 4209
4206, 4222
4222, 4234
4234, 4216
4216, 4221
4221, 4230
4230, 4211
4216, 4223
4223, 4231
4231, 4212
4234, 4217
4217, 4224
4224, 4232
4232, 4213
4224, 4233
4233, 4214
4235, 4236
4236, 4246
4246, 4253
4253, 4239
4239, 4247
4247, 4254
4254, 4237
4246, 4256
4256, 4243
4243, 4248
4248, 4255
4255, 4238
4236, 4250
4250, 4260
4260, 4244
4244, 4249
4249, 4257
4257, 4240
4244, 4251
4251, 4258
4258, 4241
4260, 4245
4245, 4252
4252, 4259
4259, 4242
4261, 4262
4262, 4274
4274, 4282
4282, 4266
4266, 4275
4275, 4281
4281, 4263
4275, 4283
4283, 4264
4274, 4285
4285, 4271
4271, 4276
4276, 4284
4284, 4265
4262, 4278
4278, 4290
4290, 4272
4272, 4277
4277, 4286
4286, 4267
4272, 4279
4279, 4287
4287, 4268
4290, 4273
4273, 4280
4280, 4288
4288, 4269
4280, 4289
4289, 4270
4291, 4292
4292, 4303
4303, 4311
4311, 4296
4296, 4304
4304, 4310
4310, 4293
4304, 4312
4312, 4294
4303, 4314
4314, 4300
4300, 4305
4305, 4313
4313, 4295
4292, 4307
4307, 4318
4318, 4301
4301, 4306
4306, 4315
4315, 4297
4301, 4308
4308, 4316
4316, 4298
4318, 4302
4302, 4309
4309, 4317
4317, 4299
4319, 4320
4320, 4331
4331, 4338
4338, 4324
4324, 4332
4332, 4339
4339, 4321
4331, 4342
4342, 4328
4328, 4333
4333, 4340
4340, 4322
4320, 4335
4335, 4346
4346, 4329
4329, 4334
4334, 4341
4341, 4323
4334, 4343
4343, 4325
4329, 4336
4336, 4344
4344, 4326
4346, 4330
4330, 4337
4337, 4345
4345, 4327
4347, 4348
4348, 4359
4359, 4366
4366, 4352
4352, 4360
4360, 4367
4367, 4349
4359, 4370
4370, 4356
4356, 4361
4361, 4368
4368, 4350
4348, 4363
4363, 4374
4374, 4357
4357, 4362
4362, 4369
4369, 4351
4362, 4371
4371, 4353
4357, 4364
4364, 4372
4372, 4354
4374, 4358
4358, 4365
4365, 4373
4373, 4355
4375, 4376
4376, 4387
4387, 4395
4395, 4380
4380, 4388
4388, 4394
4394, 4377
4388, 4396
4396, 4378
4387, 4398
4398, 4384
4384, 4389
4389, 4397
4397, 4379
4376, 4391
4391, 4402
4402, 4385
4385, 4390
4390, 4399
4399, 4381
4385, 4392
4392, 4400
4400, 4382
4402, 4386
4386, 4393
4393, 4401
4401, 4383
4403, 4404
4404, 4415
4415, 4423
4423, 4408
4408, 4416
4416, 4422
4422, 4405
4416, 4424
4424, 4406
4415, 4426
4426, 4412
4412, 4417
4417, 4425
4425, 4407
4404, 4419
4419, 4430
4430, 4413
4413, 4418
4418, 4427
4427, 4409
4413, 4420
4420, 4428
4428, 4410
4430, 4414
4414, 4421
4421, 4429
4429, 4411
4431, 4432
4432, 4443
4443, 4450
4450, 4436
4436, 4444
4444, 4451
4451, 4433
4443, 4454
4454, 4440
4440, 4445
4445, 4452
4452, 4434
4432, 4447
4447, 4458
4458, 4441
4441, 4446
4446, 4453
4453, 4435
4446, 4455
4455, 4437
4441, 4448
4448, 4456
4456, 4438
4458, 4442
4442, 4449
4449, 4457
4457, 4439
4459, 4460
4460, 4470
4470, 4477
4477, 4463
4463, 4471
4471, 4478
4478, 4461
4470, 4480
4480, 4467
4467, 4472
4472, 4479
4479, 4462
4460, 4474
4474, 4484
4484, 4468
4468, 4473
4473, 4481
4481, 4464
4468, 4475
4475, 4482
4482, 4465
4484, 4469
4469, 4476
4476, 4483
4483, 4466
4485, 4486
4486, 4496
4496, 4503
4503, 4489
4489, 4497
4497, 4504
4504, 4487
4496, 4506
4506, 4493
4493, 4498
4498, 4505
4505, 4488
4486, 4500
4500, 4510
4510, 4494
4494, 4499
4499, 4507
4507, 4490
4494, 4501
4501, 4508
4508, 4491
4510, 4495
4495, 4502
4502, 4509
4509, 4492
4511, 4512
4512, 4523
4523, 4530
4530, 4515
4515, 4524
4524, 4531
4531, 4513
4523, 4533
4533, 4520
4520, 4525
4525, 4532
4532, 4514
4512, 4527
4527, 4538
4538, 4521
4521, 4526
4526, 4534
4534, 4516
4521, 4528
4528, 4535
4535, 4517
4538, 4522
4522, 4529
4529, 4536
4536, 4518
4529, 4537
4537, 4519
4539, 4540
4540, 4551
4551, 4559
4559, 4544
4544, 4552
4552, 4558
4558, 4541
4552, 4560
4560, 4542
4551, 4562
4562, 4548
4548, 4553
4553, 4561
4561, 4543
4540, 4555
4555, 4566
4566, 4549
4549, 4554
4554, 4563
4563, 4545
4549, 4556
4556, 4564
4564, 4546
4566, 4550
4550, 4557
4557, 4565
4565, 4547
4567, 4568
4568, 4579
4579, 4586
4586, 4571
4571, 4580
4580, 4587
4587, 4569
4579, 4589
4589, 4576
4576, 4581
4581, 4588
4588, 4570
4568, 4583
4583, 4594
4594, 4577
4577, 4582
4582, 4590
4590, 4572
4577, 4584
4584, 4591
4591, 4573
4594, 4578
4578, 4585
4585, 4592
4592, 4574
4585, 4593
4593, 4575
4595, 4596
4596, 4606
4606, 4613
4613, 4600
4600, 4607
4607, 4612
4612, 4597
4607, 4614
4614, 4598
4606, 4616
4616, 4603
4603, 4608
4608, 4615
4615, 4599
4596, 4609
4609, 4619
4619, 4604
4604, 4610
4610, 4617
4617, 4601
4619, 4605
4605, 4611
4611, 4618
4618, 4602
