0
0
0
18113
2995
1788
1400
0
5646
2819
1034
1220
0
905
927
3860
0
645
768
1129
0
929
0
0
0
0
0
0
0
0
0
0
0
0
0
0
0
0
0
0
0
0
0
0
0
0
0
0
0
0
0
0
0
0
0
0
0
0
0
0
0
18355
2124
1887
5283
9288
0
2161
1388
1724
0
1270
1228
4887
0
1214
1422
0
549
699
0
0
0
0
0
0
0
0
0
0
0
0
0
0
0
0
0
0
0
0
0
0
0
0
0
0
0
0
0
0
0
0
0
0
0
0
0
0
0
11805
1439
10062
5970
0
4676
757
666
0
950
1163
1933
5035
0
1078
1348
0
560
0
0
0
0
0
0
0
0
0
0
0
0
0
0
0
0
0
0
0
0
0
0
0
0
0
0
0
0
0
0
0
0
0
0
0
0
0
0
0
18658
2952
0
1483
1871
4666
0
3298
1424
0
811
1074
4214
0
905
1129
0
616
936
0
0
0
0
0
624
658
0
0
0
0
0
0
0
0
0
0
0
0
0
0
0
0
0
0
0
0
0
0
0
0
0
0
0
0
0
0
0
0
0
0
0
0
0
0
0
0
9475
988
956
2193
5243
0
3811
1385
0
803
646
2461
0
870
1010
807
0
0
513
0
0
0
0
0
0
0
0
0
0
0
0
0
0
0
0
0
0
0
0
0
0
0
0
0
0
0
0
0
0
0
0
0
0
0
0
0
0
0
0
18908
1262
0
2410
5085
9008
0
2246
1632
1191
0
1496
1152
4744
0
1138
1409
0
634
692
0
0
0
0
0
618
0
0
0
0
0
0
0
0
0
0
0
0
0
0
0
0
0
0
0
0
0
0
0
0
0
0
0
0
0
0
0
0
0
0
0
0
0
0
9979
1389
1255
7942
4487
0
5126
924
1083
0
1397
1828
4714
0
944
875
0
719
0
0
0
0
0
0
0
0
0
0
0
0
0
0
0
0
0
0
0
0
0
0
0
0
0
0
0
0
0
0
0
0
0
0
0
0
0
0
0
0
0
1709
19072
2826
0
1217
4816
0
2747
1767
0
1768
832
4444
0
1022
1140
0
566
855
0
0
0
0
519
0
521
0
0
0
0
0
0
0
0
0
0
0
0
0
0
0
0
0
0
0
0
0
0
0
0
0
0
0
0
0
0
0
0
0
0
0
0
0
0
0
0
0
0
0
12415
1489
2108
9414
7813
0
3373
1034
0
1191
1631
5413
0
805
1727
988
0
653
647
0
0
0
0
0
528
0
0
0
0
0
0
0
0
0
0
0
0
0
0
0
0
0
0
0
0
0
0
0
0
0
0
0
0
0
0
0
0
0
0
0
0
0
0
9366
1579
810
2614
5829
0
3117
1290
2006
0
1416
2291
0
551
1088
687
0
630
0
0
0
0
0
0
0
0
0
0
0
0
0
0
0
0
0
0
0
0
0
0
0
0
0
0
0
0
0
0
0
0
0
0
0
0
0
0
2001
12787
2004
1354
8104
8695
0
2773
1348
0
1456
1185
5274
0
906
968
1348
0
0
505
0
0
0
0
0
0
0
0
0
0
0
0
0
0
0
0
0
0
0
0
0
0
0
0
0
0
0
0
0
0
0
0
0
0
0
0
0
0
0
0
0
0
0
15697
0
1179
2320
6191
9100
0
1079
866
0
1348
933
4957
0
901
1025
836
0
666
0
0
0
0
550
0
501
0
0
0
0
0
0
0
0
0
0
0
0
0
0
0
0
0
0
0
0
0
0
0
0
0
0
0
0
0
0
0
0
0
0
0
0
0
0
0
8496
1406
1198
8247
0
3574
6391
1043
1219
0
1393
1764
4390
0
1140
886
0
636
0
0
0
0
0
0
0
0
0
0
0
0
0
0
0
0
0
0
0
0
0
0
0
0
0
0
0
0
0
0
0
0
0
0
0
0
0
19335
1593
2955
5933
0
1914
3257
1689
0
1640
1375
796
4922
0
1082
817
1299
0
807
869
0
0
0
0
0
0
0
0
0
0
0
0
0
0
0
0
0
0
0
0
0
0
0
0
0
0
0
0
0
0
0
0
0
0
0
0
0
0
0
0
0
8586
957
941
8840
0
3794
5830
1649
0
1092
1715
4096
0
1044
670
588
0
0
681
0
0
0
0
0
0
0
0
0
0
0
0
0
0
0
0
0
0
0
0
0
0
0
0
0
0
0
0
0
0
0
0
0
0
0
0
0
0
0
0
0
18600
2903
0
1596
1920
4654
0
3281
1454
0
889
838
4126
0
1102
1237
0
583
1021
0
0
0
0
0
609
636
0
0
0
0
0
0
0
0
0
0
0
0
0
0
0
0
0
0
0
0
0
0
0
0
0
0
0
0
0
0
0
0
0
0
0
0
0
0
0
0
14309
1762
0
1720
6420
9772
0
2790
1746
0
1339
1393
5085
0
1285
1142
0
686
517
0
0
0
0
0
557
0
0
0
0
0
0
0
0
0
0
0
0
0
0
0
0
0
0
0
0
0
0
0
0
0
0
0
0
0
0
0
0
0
0
0
0
8624
1638
849
9252
0
3557
5971
1082
0
1119
1612
918
4587
0
871
965
0
545
0
0
0
0
0
0
0
0
0
0
0
0
0
0
0
0
0
0
0
0
0
0
0
0
0
0
0
0
0
0
0
0
0
0
0
0
0
0
0
18847
1347
0
2455
5014
8920
0
2322
1543
1183
0
1205
959
4779
0
1061
1463
0
643
628
0
0
0
0
0
521
0
0
0
0
0
0
0
0
0
0
0
0
0
0
0
0
0
0
0
0
0
0
0
0
0
0
0
0
0
0
0
0
0
0
0
0
0
0
0
0
1765
18959
2721
1283
4660
0
2848
1745
0
1737
913
4307
0
1158
1233
0
649
511
675
0
0
0
0
533
0
0
0
0
0
0
0
0
0
0
0
0
0
0
0
0
0
0
0
0
0
0
0
0
0
0
0
0
0
0
0
0
0
0
0
0
0
0
0
0
0
0
12355
1482
2166
9300
7741
0
3157
1071
0
1179
1475
5233
0
760
1800
861
525
0
601
0
0
0
0
0
532
0
0
0
0
0
0
0
0
0
0
0
0
0
0
0
0
0
0
0
0
0
0
0
0
0
0
0
0
0
0
0
0
0
0
0
0
0
0
8451
1916
987
7966
0
3133
6278
717
1342
0
921
1922
4533
0
835
851
543
0
544
0
0
0
0
0
0
0
0
0
0
0
0
0
0
0
0
0
0
0
0
0
0
0
0
0
0
0
0
0
0
0
0
0
0
0
0
0
0
0
1073
9090
940
868
4479
4922
0
4531
1535
0
1158
1043
3142
0
1302
762
0
642
510
0
0
0
0
0
0
0
0
0
0
0
0
0
0
0
0
0
0
0
0
0
0
0
0
0
0
0
0
0
0
0
0
0
0
0
0
0
0
0
0
0
19220
2657
1375
1202
1159
4547
0
3197
1873
0
1100
906
4378
0
618
892
1037
0
536
1052
0
0
0
0
0
0
0
0
0
0
0
0
0
0
0
0
0
0
0
0
0
0
0
0
0
0
0
0
0
0
0
0
0
0
0
0
0
0
0
0
0
9430
1098
1161
1123
11629
6502
0
4114
974
0
1108
1376
1149
5504
0
1094
1092
0
731
538
0
0
0
0
0
0
0
0
0
0
0
0
0
0
0
0
0
0
0
0
0
0
0
0
0
0
0
0
0
0
0
0
0
0
0
0
0
0
0
0
0
1092
5935
653
3267
0
2946
3197
1628
1551
0
990
985
1998
0
515
592
0
572
0
0
0
0
0
0
0
0
0
0
0
0
0
0
0
0
0
0
0
0
0
0
0
0
0
0
0
0
0
0
0
0
0
0
0
0
0
0
6986
1232
817
9001
0
4615
5012
1082
0
1462
1291
961
4564
0
1207
1333
792
0
682
0
0
0
0
0
0
0
0
0
0
0
0
0
0
0
0
0
0
0
0
0
0
0
0
0
0
0
0
0
0
0
0
0
0
0
0
0
0
10711
1249
2133
5278
8927
0
1999
2159
2226
0
1131
1271
4884
0
1254
809
653
0
0
651
0
0
0
0
0
0
0
0
0
0
0
0
0
0
0
0
0
0
0
0
0
0
0
0
0
0
0
0
0
0
0
0
0
0
0
0
0
1486
9599
1311
876
3679
4326
0
2438
2133
0
1666
1338
4690
0
988
1087
0
517
681
0
563
0
0
0
0
0
0
0
0
0
0
0
0
0
0
0
0
0
0
0
0
0
0
0
0
0
0
0
0
0
0
0
0
0
0
0
0
0
0
0
0
0
6555
1259
777
7830
0
3962
5311
825
1175
0
1234
1145
4384
0
884
1037
1184
0
662
0
0
0
0
0
0
0
0
0
0
0
0
0
0
0
0
0
0
0
0
0
0
0
0
0
0
0
0
0
0
0
0
0
0
0
0
0
0
0
8620
1252
1762
10286
0
5735
4002
820
0
1412
684
5172
0
669
1351
1015
525
0
811
0
0
0
0
0
0
0
0
0
0
0
0
0
0
0
0
0
0
0
0
0
0
0
0
0
0
0
0
0
0
0
0
0
0
0
0
0
0
0
0
9564
1850
1272
1567
9042
9696
0
2525
1540
0
1744
1777
5496
0
1136
1414
1081
0
534
0
0
0
0
0
0
0
0
0
0
0
0
0
0
0
0
0
0
0
0
0
0
0
0
0
0
0
0
0
0
0
0
0
0
0
0
0
0
0
6345
880
651
6113
3247
0
6211
1439
0
1180
1891
3829
0
921
1183
1052
0
657
535
0
0
0
0
0
0
0
0
0
0
0
0
0
0
0
0
0
0
0
0
0
0
0
0
0
0
0
0
0
0
0
0
0
0
0
0
0
0
9337
1161
1130
1170
11636
6496
0
4111
1103
0
990
1429
1105
5537
0
1211
1011
0
622
563
0
0
0
0
0
0
0
0
0
0
0
0
0
0
0
0
0
0
0
0
0
0
0
0
0
0
0
0
0
0
0
0
0
0
0
0
0
0
0
0
0
10655
1332
2178
5290
8780
0
1829
2189
2286
0
1412
1217
4821
0
1239
860
689
0
0
674
0
0
0
0
0
0
0
0
0
0
0
0
0
0
0
0
0
0
0
0
0
0
0
0
0
0
0
0
0
0
0
0
0
0
0
0
0
6503
1256
922
7633
0
3781
5332
805
1183
0
1322
1160
4420
0
1089
1035
933
0
793
0
0
0
0
0
0
0
0
0
0
0
0
0
0
0
0
0
0
0
0
0
0
0
0
0
0
0
0
0
0
0
0
0
0
0
0
0
0
0
7370
1120
998
8822
0
4562
5441
895
0
1412
1603
735
4545
0
1283
1060
793
0
637
516
0
0
0
0
0
0
0
0
0
0
0
0
0
0
0
0
0
0
0
0
0
0
0
0
0
0
0
0
0
0
0
0
0
0
0
0
0
0
0
0
8641
1297
1859
10281
0
5833
4037
805
0
1487
604
5064
0
765
1264
1148
510
0
505
973
0
0
0
0
0
0
0
0
0
0
0
0
0
0
0
0
0
0
0
0
0
0
0
0
0
0
0
0
0
0
0
0
0
0
0
0
0
0
0
0
0
9436
1772
1319
1560
8916
9631
0
2418
1367
0
1694
1591
5515
0
1199
1303
1123
0
0
0
0
0
0
0
0
0
0
0
0
0
0
0
0
0
0
0
0
0
0
0
0
0
0
0
0
0
0
0
0
0
0
0
0
0
6355
868
722
6114
3347
0
6277
1431
0
1040
1686
3803
0
975
1116
774
502
0
594
0
0
0
0
0
0
0
0
0
0
0
0
0
0
0
0
0
0
0
0
0
0
0
0
0
0
0
0
0
0
0
0
0
0
0
0
0
0
0
0
0
10219
1743
1527
1921
5889
0
1768
3107
1981
0
1460
1394
5150
0
993
1084
0
504
680
0
0
0
0
545
0
0
0
0
0
0
0
0
0
0
0
0
0
0
0
0
0
0
0
0
0
0
0
0
0
0
0
0
0
0
0
0
0
0
0
0
0
0
0
0
9537
1497
1380
3147
4446
0
2816
1897
1660
0
1068
1089
4133
0
713
726
1041
0
762
0
0
0
0
0
0
0
0
0
0
0
0
0
0
0
0
0
0
0
0
0
0
0
0
0
0
0
0
0
0
0
0
0
0
0
0
0
0
0
6443
1126
1031
6930
0
3712
5193
617
645
0
1177
1449
3848
0
855
1080
0
543
560
505
0
0
0
0
0
0
0
0
0
0
0
0
0
0
0
0
0
0
0
0
0
0
0
0
0
0
0
0
0
0
0
0
0
0
0
0
0
0
10367
1388
673
8003
0
4510
5341
854
0
1078
1474
3998
0
1105
923
611
0
738
543
0
0
0
0
0
0
0
0
0
0
0
0
0
0
0
0
0
0
0
0
0
0
0
0
0
0
0
0
0
0
0
0
0
0
0
0
0
0
0
0
11409
1244
1367
585
8658
0
4712
4957
1666
0
1181
1598
4832
0
1505
672
0
707
0
668
0
0
0
0
0
0
0
0
0
0
0
0
0
0
0
0
0
0
0
0
0
0
0
0
0
0
0
0
0
0
0
0
0
0
0
0
0
0
0
12607
1399
1680
10115
0
6261
4102
852
1574
0
1342
1030
5443
0
1243
541
508
0
505
0
617
0
0
0
0
0
0
0
0
0
0
0
0
0
0
0
0
0
0
0
0
0
0
0
0
0
0
0
0
0
0
0
0
0
0
0
0
0
0
0
0
0
0
0
0
12497
1197
0
1984
2489
5599
0
2552
2400
1703
0
832
1256
4103
0
1013
1024
0
745
0
0
0
0
0
672
0
0
0
0
0
0
0
0
0
0
0
0
0
0
0
0
0
0
0
0
0
0
0
0
0
0
0
0
0
0
0
0
0
0
0
0
0
12062
2315
1911
9516
0
5666
4355
587
1508
0
1124
998
5231
0
909
1539
0
890
0
0
0
0
0
0
0
0
0
0
0
0
0
0
0
0
0
0
0
0
0
0
0
0
0
0
0
0
0
0
0
0
0
0
0
0
10129
681
923
7565
0
3871
5897
1363
1523
0
1777
4437
0
1052
1046
0
633
856
0
550
0
0
0
0
0
0
0
0
0
0
0
0
0
0
0
0
0
0
0
0
0
0
0
0
0
0
0
0
0
0
0
0
0
0
0
0
0
0
0
0
0
0
0
12028
1184
1506
9878
0
6246
4280
776
1715
0
1189
866
5580
0
1556
538
0
734
0
598
0
0
0
0
0
0
0
0
0
0
0
0
0
0
0
0
0
0
0
0
0
0
0
0
0
0
0
0
0
0
0
0
0
0
0
0
0
0
0
0
0
0
9610
1310
1686
7022
0
3254
5161
574
0
1041
1698
1148
3632
0
986
714
0
632
0
0
0
0
0
0
0
0
0
0
0
0
0
0
0
0
0
0
0
0
0
0
0
0
0
0
0
0
0
0
0
0
0
0
0
0
0
0
10309
1317
815
7796
0
4440
5402
768
0
1052
1546
3851
0
1189
813
0
590
576
0
624
0
0
0
0
0
0
0
0
0
0
0
0
0
0
0
0
0
0
0
0
0
0
0
0
0
0
0
0
0
0
0
0
0
0
0
0
0
0
0
0
0
0
0
9107
1290
1893
4741
5637
0
5650
1085
0
1152
1329
3697
0
815
1092
0
545
515
0
0
0
0
0
0
0
0
0
0
0
0
0
0
0
0
0
0
0
0
0
0
0
0
0
0
0
0
0
0
0
0
0
0
0
0
0
0
10069
0
733
870
7638
0
3854
5764
1404
1390
0
1705
4183
0
1174
1163
0
731
560
0
556
0
0
0
0
0
579
0
0
0
0
0
0
0
0
0
0
0
0
0
0
0
0
0
0
0
0
0
0
0
0
0
0
0
0
0
0
0
0
0
0
0
0
0
0
0
0
0
11974
1190
1343
9805
0
6218
4222
766
1679
0
1132
966
5429
0
1571
643
0
726
0
714
0
0
0
0
0
0
0
0
0
0
0
0
0
0
0
0
0
0
0
0
0
0
0
0
0
0
0
0
0
0
0
0
0
0
0
0
0
0
0
0
0
0
0
0
7914
1057
0
1179
2698
0
3960
2640
1923
1558
0
714
1921
0
873
949
0
627
530
0
0
0
0
0
561
827
0
0
0
0
0
0
0
0
0
0
0
0
0
0
0
0
0
0
0
0
0
0
0
0
0
0
0
0
0
0
0
0
0
0
0
0
0
0
0
0
0
0
0
0
15710
1489
0
1615
1984
1162
0
6001
2510
1186
0
1482
1031
3461
0
727
0
614
0
0
0
2506
0
585
0
521
0
623
0
0
0
0
0
0
0
0
0
0
0
0
0
0
0
0
0
0
0
0
0
0
0
0
0
0
0
0
0
0
0
0
0
0
0
0
0
0
0
0
15888
1813
1542
6471
7527
0
1332
2088
0
516
982
981
5327
0
1234
0
578
1364
0
647
558
0
0
599
2378
0
0
0
0
0
0
0
0
0
0
0
0
0
0
0
0
0
0
0
0
0
0
0
0
0
0
0
0
0
0
0
0
0
0
0
0
0
0
0
0
0
0
0
0
0
0
15240
1330
1246
1553
8797
0
5072
4577
1248
0
1676
1392
5231
0
1303
0
527
0
508
0
0
1257
0
0
0
0
0
0
0
0
0
0
0
0
0
0
0
0
0
0
0
0
0
0
0
0
0
0
0
0
0
0
0
0
0
0
0
0
0
0
0
0
17427
1699
0
1709
1315
3312
6256
0
2502
1818
0
1214
2007
4262
0
690
1154
0
994
0
0
0
3008
0
0
0
592
0
0
0
0
0
0
0
0
0
0
0
0
0
0
0
0
0
0
0
0
0
0
0
0
0
0
0
0
0
0
0
0
0
0
0
0
0
0
0
0
0
14229
1323
1166
1071
8670
0
4871
5951
1123
0
1943
1597
4722
0
1470
503
0
563
0
0
0
1208
0
0
0
0
0
0
0
0
0
0
0
0
0
0
0
0
0
0
0
0
0
0
0
0
0
0
0
0
0
0
0
0
0
0
0
0
0
0
0
0
0
7498
677
744
2658
5411
0
3124
803
1642
0
1055
1230
2413
0
947
1084
0
550
507
0
0
0
2010
0
0
0
0
0
0
0
0
0
0
0
0
0
0
0
0
0
0
0
0
0
0
0
0
0
0
0
0
0
0
0
0
0
0
0
0
0
0
0
0
0
0
0
0
0
7971
0
510
1020
4194
4277
0
5432
772
608
0
581
1300
3517
0
1248
1273
0
0
0
0
1705
739
0
0
503
0
0
0
0
0
0
0
0
0
0
0
0
0
0
0
0
0
0
0
0
0
0
0
0
0
0
0
0
0
0
0
0
0
0
0
0
0
0
0
0
0
0
0
0
1606
14574
0
1813
1852
1087
0
5792
2530
0
1058
1438
1056
3439
0
735
0
546
0
0
0
2484
0
0
572
523
0
725
1202
0
0
0
0
0
0
0
0
0
0
0
0
0
0
0
0
0
0
0
0
0
0
0
0
0
0
0
0
0
0
0
0
0
0
0
0
0
0
0
0
0
0
0
0
15217
1001
1212
5959
8490
0
2280
885
1087
0
1505
2001
5194
0
830
580
0
655
0
506
0
0
1942
0
500
0
0
0
0
0
0
0
0
0
0
0
0
0
0
0
0
0
0
0
0
0
0
0
0
0
0
0
0
0
0
0
0
0
0
0
0
0
0
0
0
0
0
0
0
17423
1649
1613
1224
3375
6219
0
2424
1846
0
1157
1928
4241
0
794
1143
0
915
0
0
0
3072
0
0
0
0
0
0
0
0
0
0
0
0
0
0
0
0
0
0
0
0
0
0
0
0
0
0
0
0
0
0
0
0
0
0
0
0
0
0
0
0
0
15536
1591
1292
2046
9810
0
5971
4349
1044
0
1942
1483
5034
0
1345
865
0
602
0
568
0
0
1503
0
0
0
0
0
0
0
0
0
0
0
0
0
0
0
0
0
0
0
0
0
0
0
0
0
0
0
0
0
0
0
0
0
0
0
0
0
0
0
0
0
0
0
0
16188
1804
0
2501
4919
7735
0
2316
2197
1391
0
963
1780
4808
0
726
990
0
971
0
620
0
0
2768
1065
0
0
0
588
0
0
0
0
0
0
0
0
0
0
0
0
0
0
0
0
0
0
0
0
0
0
0
0
0
0
0
0
0
0
0
0
0
0
0
0
0
0
0
0
0
0
0
7426
661
721
2597
5276
0
3218
863
1542
0
1155
1278
2242
0
978
1159
0
593
519
0
0
0
1862
0
0
0
0
0
0
0
0
0
0
0
0
0
0
0
0
0
0
0
0
0
0
0
0
0
0
0
0
0
0
0
0
0
0
0
0
0
0
0
0
0
0
0
0
0
0
0
41336
4278
0
3074
9031
4286
0
4547
2541
1416
0
5791
1556
4201
0
1515
972
603
0
907
597
0
622
0
0
878
0
0
0
543
551
588
0
980
0
0
0
0
0
0
0
0
0
0
0
0
0
0
0
0
0
0
0
0
0
0
0
0
0
0
0
0
0
0
0
0
0
0
0
0
0
0
0
0
0
0
0
0
0
0
0
0
0
0
0
0
0
0
0
0
0
48951
3850
0
2417
7485
9780
0
1815
1321
0
5659
1433
3783
0
1262
873
835
0
502
546
791
0
669
543
0
0
888
0
694
0
0
520
569
590
0
1213
0
0
0
0
0
0
0
0
0
0
0
0
0
0
0
0
0
0
0
0
0
0
0
0
0
0
0
0
0
0
0
0
0
0
0
0
0
0
0
0
0
0
0
0
0
0
0
0
0
0
0
0
0
0
0
0
0
0
0
34617
4143
0
2055
2485
7737
0
2733
6421
0
5043
1448
958
3618
0
1120
1139
735
0
613
753
636
0
533
0
0
513
0
559
0
0
650
660
0
1004
0
0
0
0
0
0
0
0
0
0
0
0
0
0
0
0
0
0
0
0
0
0
0
0
0
0
0
0
0
0
0
0
0
0
0
0
0
0
0
0
0
0
0
0
0
0
0
0
0
0
0
0
0
0
0
0
0
38946
3039
3030
2555
10091
0
3016
6428
1178
0
5681
1415
860
4058
0
1991
0
649
785
872
0
699
506
543
0
0
803
0
658
0
0
561
568
0
0
0
0
0
0
0
0
0
0
0
0
0
0
0
0
0
0
0
0
0
0
0
0
0
0
0
0
0
0
0
0
0
0
0
0
0
0
0
0
0
0
0
0
0
0
0
0
0
0
0
0
0
0
0
0
0
0
0
43307
2393
0
3643
9521
0
5699
4461
1702
811
0
5312
1119
3853
0
1515
649
613
0
627
682
0
693
0
0
935
0
628
0
516
689
699
0
776
0
0
0
0
0
0
0
0
0
0
0
0
0
0
0
0
0
0
0
0
0
0
0
0
0
0
0
0
0
0
0
0
0
0
0
0
0
0
0
0
0
0
0
0
0
0
0
0
0
0
0
0
0
0
0
28844
0
2547
2723
810
4627
5629
0
6134
1297
0
2507
1912
3285
0
1139
1356
608
0
501
0
511
561
0
0
0
0
578
590
652
0
0
0
0
0
0
0
0
0
0
0
0
0
0
0
0
0
0
0
0
0
0
0
0
0
0
0
0
0
0
0
0
0
0
0
0
0
0
0
0
0
0
0
0
0
0
0
0
0
0
0
0
0
0
0
47940
0
1459
3721
1146
7172
9785
0
2051
993
0
6096
4537
0
774
1691
1299
942
0
853
823
0
624
682
0
0
519
0
0
687
651
0
597
622
708
762
0
0
0
0
0
0
0
0
0
0
0
0
0
0
0
0
0
0
0
0
0
0
0
0
0
0
0
0
0
0
0
0
0
0
0
0
0
0
0
0
0
0
0
0
0
0
0
0
0
0
0
0
0
0
0
0
0
0
0
0
0
0
0
0
0
0
51109
2544
0
2352
4677
9649
0
2625
2842
1445
0
4908
1380
4021
0
887
890
1187
0
616
0
548
0
0
541
518
597
0
631
504
0
511
507
608
0
729
0
0
0
0
0
0
0
0
0
0
0
0
0
0
0
0
0
0
0
0
0
0
0
0
0
0
0
0
0
0
0
0
0
0
0
0
0
0
0
0
0
0
0
0
0
0
0
0
0
0
0
0
0
0
0
0
0
0
0
0
0
0
41147
4190
0
2964
8990
4162
0
4532
2394
1246
0
5571
1645
4235
0
1572
720
725
0
811
0
0
0
945
0
550
0
553
555
577
627
679
0
1001
0
0
0
0
0
0
0
0
0
0
0
0
0
0
0
0
0
0
0
0
0
0
0
0
0
0
0
0
0
0
0
0
0
0
0
0
0
0
0
0
0
0
0
0
0
0
0
0
0
0
0
0
0
51639
0
3155
3645
4402
8757
0
2538
2491
1341
0
4626
1227
4237
0
949
1061
1247
0
604
807
0
0
0
725
0
0
545
585
0
967
0
0
0
0
0
0
0
0
0
0
0
0
0
0
0
0
0
0
0
0
0
0
0
0
0
0
0
0
0
0
0
0
0
0
0
0
0
0
0
0
0
0
0
0
0
0
0
0
0
34460
4081
0
2245
2357
7725
0
2700
6472
0
5051
1333
944
3725
0
985
1121
622
0
821
555
509
0
562
0
0
508
0
0
0
574
605
746
0
1030
0
0
0
0
0
0
0
0
0
0
0
0
0
0
0
0
0
0
0
0
0
0
0
0
0
0
0
0
0
0
0
0
0
0
0
0
0
0
0
0
0
0
0
0
0
0
0
0
0
0
5359
2042
1192
1627
0
5751
2514
2068
1343
0
806
3939
0
977
1022
717
508
0
806
0
0
0
0
0
0
0
0
0
0
0
0
0
0
0
0
0
0
0
0
0
0
0
0
0
0
0
0
0
0
0
0
0
0
0
0
0
0
0
10554
1484
957
8328
0
4411
5613
1234
2094
0
753
1453
4515
0
1037
1615
0
662
0
625
0
0
0
0
0
0
0
0
0
0
0
0
0
0
0
0
0
0
0
0
0
0
0
0
0
0
0
0
0
0
0
0
0
0
0
0
5701
1552
833
3606
4405
0
4452
1028
0
909
1868
829
3004
0
695
1081
615
602
0
504
0
0
0
0
0
0
0
0
0
0
0
0
0
0
0
0
0
0
0
0
0
0
0
0
0
0
0
0
0
0
0
0
0
0
0
0
0
0
0
0
7371
1278
1074
4477
5782
0
5666
1212
0
865
1424
3796
0
584
856
919
0
501
0
0
0
0
0
0
0
0
0
0
0
0
0
0
0
0
0
0
0
0
0
0
0
0
0
0
0
0
0
0
0
0
0
0
0
0
0
3922
2672
1096
970
5226
0
2678
2771
1488
0
1620
1064
4071
0
1066
1438
1089
693
0
562
961
0
0
0
0
0
0
0
0
0
0
0
0
0
0
0
0
0
0
0
0
0
0
0
0
0
0
0
0
0
0
0
0
0
0
0
0
0
0
0
0
0
0
0
0
7009
2285
1491
6648
8556
0
1549
1311
2224
0
871
948
1407
5155
0
1404
732
0
0
507
0
0
0
0
0
0
0
0
0
0
0
0
0
0
0
0
0
0
0
0
0
0
0
0
0
0
0
0
0
0
0
0
0
0
0
0
0
0
4396
3133
2231
4652
8570
0
2538
2092
1504
1421
0
1113
4883
0
1254
1054
525
0
542
0
631
0
0
0
0
0
0
0
0
0
0
0
0
0
0
0
0
0
0
0
0
0
0
0
0
0
0
0
0
0
0
0
0
0
0
0
0
0
0
0
0
10641
1827
1919
9269
0
5798
4405
2105
0
714
810
5050
0
914
1427
933
0
952
0
678
0
0
0
0
0
0
0
0
0
0
0
0
0
0
0
0
0
0
0
0
0
0
0
0
0
0
0
0
0
0
0
0
0
0
0
0
0
0
0
0
0
9816
2392
1298
7882
8204
0
3062
1138
1717
0
1152
5106
0
993
1058
1196
0
513
588
0
520
0
0
0
0
0
0
0
0
0
0
0
0
0
0
0
0
0
0
0
0
0
0
0
0
0
0
0
0
0
0
0
0
0
0
0
0
0
0
0
0
0
0
0
0
836
5461
1241
0
917
2614
0
4056
2430
1578
634
0
1145
2252
0
731
508
603
0
0
0
0
0
603
864
0
0
0
0
0
0
0
0
0
0
0
0
0
0
0
0
0
0
0
0
0
0
0
0
0
0
0
0
0
0
0
0
0
0
0
0
0
0
0
5006
1714
2347
0
1161
2148
0
5112
1938
1269
0
897
1007
2964
0
861
932
0
632
571
0
0
0
0
507
952
0
0
0
0
0
0
0
0
0
0
0
0
0
0
0
0
0
0
0
0
0
0
0
0
0
0
0
0
0
0
0
0
0
0
0
0
0
0
0
7276
1281
982
4422
5915
0
5589
1241
0
768
1458
3732
0
534
873
713
0
505
0
0
0
0
0
0
0
0
0
0
0
0
0
0
0
0
0
0
0
0
0
0
0
0
0
0
0
0
0
0
0
0
0
0
0
0
0
3897
2748
1224
899
5306
0
2857
2783
1553
0
1724
1050
4082
0
967
1483
1115
521
0
800
0
0
0
0
0
0
0
0
0
0
0
0
0
0
0
0
0
0
0
0
0
0
0
0
0
0
0
0
0
0
0
0
0
0
0
0
0
0
0
0
0
9331
856
1028
7866
2944
0
5614
831
1284
0
1010
1223
3963
0
939
1161
514
0
575
0
0
0
0
0
0
0
0
0
0
0
0
0
0
0
0
0
0
0
0
0
0
0
0
0
0
0
0
0
0
0
0
0
0
0
0
0
0
7044
2243
1459
6677
8472
0
1354
1280
2260
0
909
948
1364
5187
0
1446
750
0
0
0
0
0
0
0
0
0
0
0
0
0
0
0
0
0
0
0
0
0
0
0
0
0
0
0
0
0
0
0
0
0
0
0
0
10710
944
1031
1494
8182
0
4858
4724
2079
0
851
983
5131
0
1516
650
0
860
531
0
720
0
0
0
0
0
0
0
0
0
0
0
0
0
0
0
0
0
0
0
0
0
0
0
0
0
0
0
0
0
0
0
0
0
0
0
0
0
0
0
0
0
0
0
0
0
0
9888
2227
1428
9009
7530
0
3037
858
1460
0
921
5196
0
1096
1491
654
505
0
553
0
585
0
0
0
527
0
0
0
0
0
0
0
0
0
0
0
0
0
0
0
0
0
0
0
0
0
0
0
0
0
0
0
0
0
0
0
0
0
0
0
0
0
0
0
0
0
0
0
8465
2209
1725
822
7046
9163
0
2337
1278
0
1222
937
5407
0
1368
1283
641
0
744
0
0
0
0
0
0
0
0
0
0
0
0
0
0
0
0
0
0
0
0
0
0
0
0
0
0
0
0
0
0
0
0
0
0
0
0
0
0
0
9880
2348
1400
7919
8173
0
3076
1152
1862
0
1231
5210
0
1045
1126
1180
0
549
524
0
583
0
0
0
0
0
0
0
0
0
0
0
0
0
0
0
0
0
0
0
0
0
0
0
0
0
0
0
0
0
0
0
0
0
0
0
0
0
0
0
0
0
0
0
4729
1999
0
1363
1973
0
4840
1985
1470
0
534
1451
3012
0
822
925
779
0
764
600
0
0
0
0
0
608
0
0
0
0
0
0
0
0
0
0
0
0
0
0
0
0
0
0
0
0
0
0
0
0
0
0
0
0
0
0
0
0
0
0
0
0
0
0
9173
1700
2198
7179
8684
0
2966
1144
1805
0
825
918
5396
0
1505
1236
699
0
617
0
0
0
0
0
0
0
0
0
0
0
0
0
0
0
0
0
0
0
0
0
0
0
0
0
0
0
0
0
0
0
0
0
0
0
0
0
0
0
0
0
0
0
0
0
0
0
0
0
75435
18304
0
12450
5003
8352
0
4931
2437
0
2085
1711
1488
4796
0
990
1713
843
0
967
816
977
0
0
0
863
809
0
957
0
883
1034
1043
1261
0
2777
0
0
0
0
0
0
0
0
0
0
0
0
0
0
0
0
0
0
0
0
0
0
0
0
0
0
0
0
0
0
0
0
0
0
0
0
0
0
0
0
0
0
0
0
0
0
0
0
0
0
0
0
0
0
0
0
0
0
0
0
0
65171
17396
0
11068
0
7622
7286
2519
1676
1534
0
2317
2076
4748
0
1503
3288
1366
1121
0
1059
0
0
0
811
0
856
0
873
880
1035
996
0
2412
0
0
0
0
0
0
0
0
0
0
0
0
0
0
0
0
0
0
0
0
0
0
0
0
0
0
0
0
0
0
0
0
0
0
0
0
0
0
0
0
0
0
0
0
0
0
0
0
0
0
0
0
0
0
0
0
0
0
0
0
74540
21369
0
2590
11829
8856
0
2450
5845
2862
3290
0
1603
1769
4630
0
1422
1188
0
885
0
0
0
868
0
876
894
1063
1111
1237
1560
0
0
0
0
0
0
0
0
0
0
0
0
0
0
0
0
0
0
0
0
0
0
0
0
0
0
0
0
0
0
0
0
0
0
0
0
0
0
0
0
0
0
0
0
0
0
0
0
0
0
0
0
0
0
0
0
0
0
0
68496
21523
0
2695
10780
11379
0
8629
4074
1995
0
3578
2044
4760
0
1793
1334
0
1018
0
939
0
0
853
0
862
859
898
0
1002
1082
1153
0
1957
0
0
0
0
0
0
0
0
0
0
0
0
0
0
0
0
0
0
0
0
0
0
0
0
0
0
0
0
0
0
0
0
0
0
0
0
0
0
0
0
0
0
0
0
0
0
0
0
0
0
0
0
0
0
0
69714
21831
0
10096
6850
0
7146
4772
3170
1625
1499
0
2431
2068
4136
0
1355
1293
0
875
1034
0
977
0
0
808
0
814
0
0
873
1052
0
1377
0
0
0
0
0
0
0
0
0
0
0
0
0
0
0
0
0
0
0
0
0
0
0
0
0
0
0
0
0
0
0
0
0
0
0
0
0
0
0
0
0
0
0
0
0
0
0
0
0
0
0
0
0
0
0
0
0
0
0
74273
21291
0
2560
11415
8993
0
2318
5483
2773
3246
0
1511
1788
4293
0
1294
1053
0
983
0
0
0
902
968
0
958
1076
1087
1228
1397
1522
0
0
0
0
0
0
0
0
0
0
0
0
0
0
0
0
0
0
0
0
0
0
0
0
0
0
0
0
0
0
0
0
0
0
0
0
0
0
0
0
0
0
0
0
0
0
0
0
0
0
0
0
0
0
0
0
0
68271
21425
0
2751
10069
11227
0
8502
4263
1927
0
3454
2078
4694
0
1832
1505
0
903
0
867
0
0
861
0
830
902
0
864
1193
1249
0
1956
0
0
0
0
0
0
0
0
0
0
0
0
0
0
0
0
0
0
0
0
0
0
0
0
0
0
0
0
0
0
0
0
0
0
0
0
0
0
0
0
0
0
0
0
0
0
0
0
0
0
0
0
0
0
0
0
75641
19899
0
10530
3965
7264
0
1735
3454
0
2848
1240
1521
4781
0
1099
1350
0
886
895
0
0
0
909
0
0
800
854
1003
1133
0
2121
0
0
0
0
0
0
0
0
0
0
0
0
0
0
0
0
0
0
0
0
0
0
0
0
0
0
0
0
0
0
0
0
0
0
0
0
0
0
0
0
0
0
0
0
0
15843
1953
14754
0
2243
1989
1675
0
1569
1207
4788
0
808
0
0
0
0
0
0
0
0
0
0
0
0
0
0
0
0
0
0
0
0
0
0
0
0
0
0
0
0
0
0
18097
1336
7972
0
4205
5416
1176
1252
0
811
1615
4529
0
1244
0
0
0
0
0
0
0
0
0
0
0
0
0
0
0
0
0
0
0
0
0
0
0
0
0
0
0
0
0
0
17435
1425
8285
0
3380
5014
0
1173
1207
4052
0
1187
0
0
0
0
0
0
0
0
0
0
0
0
0
0
0
0
0
0
0
0
0
0
0
0
0
0
0
16062
934
1375
12807
0
1099
2180
0
1053
1271
4961
0
978
0
0
0
0
0
0
0
0
0
0
0
0
0
0
0
0
0
0
0
0
0
0
0
0
0
0
0
0
17968
941
8684
0
3714
5224
0
1137
1402
4437
0
1343
0
0
0
0
0
0
0
0
0
0
0
0
0
0
0
0
0
0
0
0
0
0
0
0
0
0
0
15399
1371
1950
10442
0
2766
2182
0
1201
991
4641
0
1138
1183
0
0
0
0
0
0
0
0
0
0
0
0
0
0
0
0
0
0
0
0
0
0
0
0
0
0
0
0
0
0
0
17580
1435
1491
10280
0
2953
1066
1300
0
1194
1272
5371
0
1334
0
0
0
0
0
0
0
0
0
0
0
0
0
0
0
0
0
0
0
0
0
0
0
0
0
0
0
0
0
0
0
0
16255
1304
1415
11701
0
2663
1448
1157
0
867
5577
0
975
0
800
0
0
0
0
0
0
0
0
0
0
0
0
0
0
0
0
0
0
0
0
0
0
0
0
0
0
0
0
0
0
0
17667
869
8173
0
3324
5513
0
1138
1570
4066
0
1019
0
0
0
0
0
0
0
0
0
0
0
0
0
0
0
0
0
0
0
0
0
0
0
0
0
0
0
15912
1111
2332
13885
0
2115
2153
0
1800
5161
0
974
0
0
0
0
0
0
0
0
0
0
0
0
0
0
0
0
0
0
0
0
0
0
0
0
0
0
0
0
15788
883
2339
5734
0
3227
1334
0
1259
822
2604
0
803
0
0
0
0
0
0
0
0
0
0
0
0
0
0
0
0
0
0
0
0
0
0
0
0
0
0
0
0
0
0
0
17628
1085
8043
0
3554
5580
989
959
0
1304
1443
4303
0
1108
0
0
0
0
0
0
0
0
0
0
0
0
0
0
0
0
0
0
0
0
0
0
0
0
0
0
0
0
0
0
15876
1692
14432
0
2416
1709
1396
0
1252
1323
5111
0
1416
906
0
0
0
0
0
0
0
0
0
0
0
0
0
0
0
0
0
0
0
0
0
0
0
0
0
0
0
0
0
0
0
17705
1132
10153
0
6761
4499
1230
1138
5071
0
1205
0
840
0
0
0
0
0
0
0
0
0
0
0
0
0
0
0
0
0
0
0
0
0
0
0
0
0
0
0
0
17276
1322
7582
0
3611
4848
0
1465
1762
954
3826
0
970
0
0
0
0
0
0
0
0
0
0
0
0
0
0
0
0
0
0
0
0
0
0
0
0
0
0
0
0
0
15773
2155
14534
0
2289
1995
1568
0
1513
1144
4860
0
869
828
0
0
0
0
0
0
0
0
0
0
0
0
0
0
0
0
0
0
0
0
0
0
0
0
0
0
0
0
0
0
0
0
17940
1281
8032
0
4061
5244
1141
1230
0
824
1677
4641
0
1264
0
0
0
0
0
0
0
0
0
0
0
0
0
0
0
0
0
0
0
0
0
0
0
0
0
0
0
0
0
0
17260
1474
8383
0
3242
5249
0
1108
1186
4141
0
1123
0
0
0
0
0
0
0
0
0
0
0
0
0
0
0
0
0
0
0
0
0
0
0
0
0
0
0
15946
904
1496
12707
0
1158
2192
0
1036
1209
5061
0
961
0
0
0
0
0
0
0
0
0
0
0
0
0
0
0
0
0
0
0
0
0
0
0
0
0
0
0
0
15427
1473
2036
10403
0
2699
2104
0
1282
960
4609
0
1201
1389
0
0
0
0
0
0
0
0
0
0
0
0
0
0
0
0
0
0
0
0
0
0
0
0
0
0
0
0
0
0
0
0
16233
1244
1517
11485
0
2590
1406
0
1071
828
5527
0
899
0
929
0
0
0
0
0
0
0
0
0
0
0
0
0
0
0
0
0
0
0
0
0
0
0
0
0
0
0
0
0
0
0
0
15838
1079
2382
13775
0
2019
2112
0
1770
5118
0
846
0
0
0
0
0
0
0
0
0
0
0
0
0
0
0
0
0
0
0
0
0
0
0
0
0
0
0
17790
809
8414
0
4017
5410
0
1073
1140
1433
4774
0
1003
0
0
0
0
0
0
0
0
0
0
0
0
0
0
0
0
0
0
0
0
0
0
0
0
0
0
0
0
0
15176
1835
1839
10123
0
3222
1791
0
1105
1547
4385
0
1128
957
0
0
0
0
0
0
0
0
0
0
0
0
0
0
0
0
0
0
0
0
0
0
0
0
0
0
0
0
0
0
0
0
0
17599
1083
8157
0
3634
5546
1050
1018
0
1168
1543
4234
0
1030
0
0
0
0
0
0
0
0
0
0
0
0
0
0
0
0
0
0
0
0
0
0
0
0
0
0
0
0
0
0
15138
1113
5805
0
2464
2265
1488
0
925
822
2294
0
0
0
0
0
0
0
0
0
0
0
0
0
0
0
0
0
0
0
0
0
0
0
0
0
0
0
0
17689
1115
10230
0
6717
4474
1202
1226
5184
0
1107
0
0
0
0
0
0
0
0
0
0
0
0
0
0
0
0
0
0
0
0
0
0
0
0
0
0
14056
1184
6906
0
6226
1914
1421
929
2417
0
853
0
0
0
0
0
0
0
0
0
0
0
0
0
0
0
0
0
0
0
0
0
0
0
0
0
0
17080
1108
1797
11164
0
2522
1533
0
806
5476
0
1253
1140
0
0
0
0
0
0
0
0
0
0
0
0
0
0
0
0
0
0
0
0
0
0
0
0
0
0
0
0
17245
1237
7687
0
3639
4842
0
1584
1802
980
3756
0
964
0
0
0
0
0
0
0
0
0
0
0
0
0
0
0
0
0
0
0
0
0
0
0
0
0
0
0
0
0
34728
16346
0
2787
8659
0
3596
4108
1293
0
2040
1177
4225
0
1443
0
0
0
0
833
0
0
0
0
0
0
0
0
0
0
0
0
0
0
0
0
0
0
0
0
0
0
0
0
0
0
0
0
0
0
0
0
19671
14002
2586
3862
0
2688
2942
1234
1153
0
1081
1264
1931
0
827
0
0
0
0
0
0
0
0
0
0
0
0
0
0
0
0
0
0
0
0
0
0
0
0
0
0
0
0
0
0
0
0
0
0
34379
19226
0
1199
10037
0
3699
3993
808
0
2627
1489
4262
0
1157
0
0
0
0
935
0
0
0
0
0
0
0
0
0
0
0
0
0
0
0
0
0
0
0
0
0
0
0
0
0
0
0
0
0
0
0
32463
3438
18166
5392
4781
0
4981
1039
0
945
1317
1710
3292
0
1101
0
0
0
0
0
0
0
0
0
0
0
0
0
0
0
0
0
0
0
0
0
0
0
0
0
0
0
0
0
0
0
0
0
0
36827
18648
1417
4050
6981
0
2665
4167
1026
0
1515
1662
3895
0
1048
1054
0
0
0
0
0
0
0
0
0
0
0
0
0
0
0
0
0
0
0
0
0
0
0
0
0
0
0
0
0
0
0
0
0
0
0
0
32845
17876
1172
1567
10189
0
3862
3609
0
2404
1323
4773
0
1370
1312
0
0
0
0
0
0
0
0
0
0
0
0
0
0
0
0
0
0
0
0
0
0
0
0
0
0
0
0
0
0
0
0
0
0
0
26283
15946
0
1901
4338
5624
0
3816
1436
0
1429
1019
1285
2804
0
909
1102
1224
0
0
0
0
0
1008
0
0
0
0
0
0
0
0
0
0
0
0
0
0
0
0
0
0
0
0
0
0
0
0
0
0
0
0
0
0
0
0
0
0
0
0
0
36839
18380
0
2631
4407
6485
4275
0
4540
1762
0
1405
2359
3300
0
964
833
0
0
0
0
0
810
0
0
0
0
0
0
0
0
0
0
0
0
0
0
0
0
0
0
0
0
0
0
0
0
0
0
0
0
0
0
0
0
0
0
0
36464
18910
3982
7202
0
2822
4162
1014
0
1876
1304
4366
0
1167
1272
0
846
0
0
0
0
0
0
0
0
0
0
0
0
0
0
0
0
0
0
0
0
0
0
0
0
0
0
0
0
0
0
0
0
0
0
0
0
0
56570
4173
26598
4745
5269
9374
0
2821
1817
0
1508
1203
4919
0
1338
1024
0
0
0
0
0
0
0
0
0
0
0
0
0
0
0
0
0
0
0
0
0
0
0
0
0
0
0
0
0
0
0
0
0
0
0
0
0
30972
16369
2489
2991
10189
4067
0
4337
1122
0
2535
867
4830
0
1662
0
0
818
0
0
0
0
0
0
0
0
0
0
0
0
0
0
0
0
0
0
0
0
0
0
0
0
0
0
0
0
0
0
0
0
0
0
0
0
0
28485
20930
0
2242
1355
9801
0
6230
4108
1025
0
1935
1241
4881
0
1395
0
0
0
0
0
803
0
0
0
0
0
0
0
0
0
0
0
0
0
0
0
0
0
0
0
0
0
0
0
0
0
0
0
0
0
0
0
0
0
46337
27049
0
1532
2316
5116
0
3870
1144
0
2263
1239
4194
0
973
0
0
0
0
966
0
0
0
0
0
0
0
0
0
0
0
0
0
0
0
0
0
0
0
0
0
0
0
0
0
0
0
0
0
0
0
0
37817
19334
2176
4774
7183
3652
0
3820
929
0
869
1643
3692
0
1090
947
0
0
0
0
0
0
0
0
0
0
0
0
0
0
0
0
0
0
0
0
0
0
0
0
0
0
0
0
0
0
0
0
0
0
0
0
34470
16178
0
2723
8569
0
3584
4000
1335
0
1926
1117
4189
0
1274
0
0
0
0
811
0
0
0
0
0
0
0
0
0
0
0
0
0
0
0
0
0
0
0
0
0
0
0
0
0
0
0
0
0
0
0
0
34166
19313
0
1297
10002
3782
0
4107
882
0
2564
1450
4099
0
1053
0
0
0
0
929
0
0
0
0
0
0
0
0
0
0
0
0
0
0
0
0
0
0
0
0
0
0
0
0
0
0
0
0
0
0
0
0
2213
23780
14490
3332
4038
0
3305
1352
0
1026
1419
2492
0
1552
894
0
0
0
0
0
0
0
0
0
0
0
0
0
0
0
0
0
0
0
0
0
0
0
0
0
0
0
0
0
0
0
0
0
0
0
32343
3432
18017
5296
4840
0
4981
1031
0
920
1271
1600
3194
0
892
1045
0
0
0
0
0
0
0
0
0
0
0
0
0
0
0
0
0
0
0
0
0
0
0
0
0
0
0
0
0
0
0
0
0
0
0
36561
18480
4184
6882
0
2718
4264
1084
0
1359
1525
3853
0
1012
1114
0
0
0
0
0
0
0
0
0
0
0
0
0
0
0
0
0
0
0
0
0
0
0
0
0
0
0
0
0
0
0
0
0
0
0
32730
17806
1109
1463
10052
0
3705
3752
977
0
2521
1346
4846
0
1334
1408
0
0
0
0
0
0
0
0
0
0
0
0
0
0
0
0
0
0
0
0
0
0
0
0
0
0
0
0
0
0
0
0
0
0
0
0
0
26229
15800
0
1897
4360
5532
0
3882
1607
0
1440
949
1218
2590
0
911
1029
1333
0
0
0
0
0
962
0
0
0
0
0
0
0
0
0
0
0
0
0
0
0
0
0
0
0
0
0
0
0
0
0
0
0
0
0
0
0
0
0
0
0
0
36704
18521
2595
4382
6319
4194
0
4430
1956
0
1383
2350
3295
0
1094
921
0
0
0
0
0
0
0
0
0
0
0
0
0
0
0
0
0
0
0
0
0
0
0
0
0
0
0
0
0
0
0
0
0
0
0
0
36237
18815
1602
3922
7276
0
4102
1181
0
1939
1323
4153
0
1109
1316
0
0
0
0
0
0
0
0
0
0
0
0
0
0
0
0
0
0
0
0
0
0
0
0
0
0
0
0
0
0
0
0
0
0
0
56369
26514
4638
5301
9525
0
1886
2824
1630
0
1476
1252
4911
0
1056
976
0
0
0
0
0
0
0
0
0
0
0
0
0
0
0
0
0
0
0
0
0
0
0
0
0
0
0
0
0
0
0
0
0
0
0
0
0
0
30844
16453
2538
2878
10042
4143
0
4238
1059
0
2540
814
4822
0
1639
0
838
0
0
0
825
0
0
0
0
0
0
0
0
0
0
0
0
0
0
0
0
0
0
0
0
0
0
0
0
0
0
0
0
0
0
0
0
0
0
0
0
28358
20866
2312
1407
9678
0
5993
4026
1330
0
2140
1177
4861
0
1294
0
0
0
0
0
0
0
0
0
0
0
0
0
0
0
0
0
0
0
0
0
0
0
0
0
0
0
0
0
0
0
0
0
0
46194
26925
0
1554
2337
5190
0
3709
1279
0
2175
1328
4440
0
941
0
0
0
0
952
0
0
0
0
0
0
0
0
0
0
0
0
0
0
0
0
0
0
0
0
0
0
0
0
0
0
0
0
0
0
0
0
37700
19305
2262
4776
7070
3598
0
3800
859
0
863
1674
3779
0
1019
1062
0
0
0
0
0
0
0
0
0
0
0
0
0
0
0
0
0
0
0
0
0
0
0
0
0
0
0
0
0
0
0
0
0
0
0
0
10523
1893
4907
8967
0
2701
1697
1665
0
1479
1216
4796
0
1239
0
0
0
0
0
0
0
0
0
0
0
0
0
0
0
0
0
0
0
0
0
0
0
0
0
0
0
0
0
0
0
0
8491
1060
8647
0
4689
5311
807
1229
0
947
1631
4414
0
1085
1065
0
0
0
0
0
0
0
0
0
0
0
0
0
0
0
0
0
0
0
0
0
0
0
0
0
0
0
0
0
0
0
0
0
8732
1320
10234
0
6696
4231
858
1055
0
815
860
5203
0
1010
0
0
0
0
0
0
0
0
0
0
0
0
0
0
0
0
0
0
0
0
0
0
0
0
0
0
0
0
0
0
6701
1003
4348
5177
0
5595
1028
0
1166
1447
3260
0
919
0
0
0
0
0
0
0
0
0
0
0
0
0
0
0
0
0
0
0
0
0
0
0
0
0
0
0
0
0
0
0
831
10555
994
877
4900
0
2942
1151
0
1134
887
3762
0
1172
1006
0
0
0
0
0
0
0
0
0
0
0
0
0
0
0
0
0
0
0
0
0
0
0
0
0
0
0
0
0
0
0
0
0
0
10006
1774
6232
8529
0
1260
1063
2045
0
847
1237
5087
0
911
0
0
0
0
0
0
0
0
0
0
0
0
0
0
0
0
0
0
0
0
0
0
0
0
0
0
0
0
0
0
8184
833
9389
0
4020
5166
808
1291
1335
4357
0
1326
0
0
0
0
0
0
0
0
0
0
0
0
0
0
0
0
0
0
0
0
0
0
0
0
0
0
0
0
0
0
10757
2038
4844
8619
0
2741
1523
1691
0
1263
954
4722
0
1004
917
0
0
0
0
0
0
0
0
0
0
0
0
0
0
0
0
0
0
0
0
0
0
0
0
0
0
0
0
0
0
0
0
0
8563
862
8742
0
5222
4422
1034
1126
978
5009
0
1099
0
0
0
0
0
0
0
0
0
0
0
0
0
0
0
0
0
0
0
0
0
0
0
0
0
0
0
0
0
10720
1467
1581
4911
0
2601
2127
0
1172
930
4239
0
1325
0
0
0
0
0
0
0
0
0
0
0
0
0
0
0
0
0
0
0
0
0
0
0
0
0
0
0
0
0
0
7218
891
1442
4927
4320
0
6169
0
1161
1428
3378
0
1222
0
0
0
0
0
0
0
0
0
0
0
0
0
0
0
0
0
0
0
0
0
0
0
0
0
0
0
0
0
0
10851
2287
1577
3961
7447
0
2322
1756
0
1163
1571
4469
0
1327
0
0
0
0
0
0
0
0
0
0
0
0
0
0
0
0
0
0
0
0
0
0
0
0
0
0
0
0
0
0
0
0
0
10942
1503
1381
4932
0
3183
1510
0
826
1540
3906
0
1188
1037
0
0
0
0
0
0
0
0
0
0
0
0
0
0
0
0
0
0
0
0
0
0
0
0
0
0
0
0
0
0
0
0
0
0
7752
868
7995
0
3665
5753
1033
909
1145
1410
4244
0
965
924
0
0
0
0
0
0
0
0
0
0
0
0
0
0
0
0
0
0
0
0
0
0
0
0
0
0
0
0
0
0
0
0
0
8310
809
9230
0
4491
5667
1026
0
1694
1169
4530
0
1440
0
0
0
0
0
0
0
0
0
0
0
0
0
0
0
0
0
0
0
0
0
0
0
0
0
0
0
0
0
5799
992
2524
5675
0
3111
1424
0
1050
1052
2569
0
1005
0
0
0
0
0
0
0
0
0
0
0
0
0
0
0
0
0
0
0
0
0
0
0
0
0
0
0
0
0
0
0
10053
1985
6036
8024
0
1363
2024
0
1256
1141
874
5220
0
1121
0
843
0
0
0
0
0
0
0
0
0
0
0
0
0
0
0
0
0
0
0
0
0
0
0
0
0
0
0
0
0
0
0
0
0
10445
1959
4918
8906
0
2620
1775
1520
0
1500
1358
4705
0
1221
0
0
0
0
0
0
0
0
0
0
0
0
0
0
0
0
0
0
0
0
0
0
0
0
0
0
0
0
0
0
0
0
8390
994
8707
0
4722
5100
837
1236
0
1668
4439
0
998
874
0
0
0
0
0
0
0
0
0
0
0
0
0
0
0
0
0
0
0
0
0
0
0
0
0
0
0
0
0
0
0
0
0
10972
2033
1010
2214
5271
0
3134
1627
0
1036
905
4553
0
1298
0
0
0
0
0
0
0
0
0
0
0
0
0
0
0
0
0
0
0
0
0
0
0
0
0
0
0
0
0
0
0
0
0
8767
1322
10069
0
6813
4021
807
1164
0
816
941
5248
0
965
933
0
0
0
0
0
0
0
0
0
0
0
0
0
0
0
0
0
0
0
0
0
0
0
0
0
0
0
0
0
0
0
0
0
0
841
10531
1071
4833
0
2851
1055
0
1058
947
3889
0
1139
998
0
0
0
0
0
0
0
0
0
0
0
0
0
0
0
0
0
0
0
0
0
0
0
0
0
0
0
0
0
0
0
0
0
9663
1985
6638
9549
0
2129
1125
1257
0
1240
1209
5235
0
840
0
0
0
0
0
0
0
0
0
0
0
0
0
0
0
0
0
0
0
0
0
0
0
0
0
0
0
0
0
0
0
8151
852
9342
0
4116
5142
826
1309
1332
4232
0
1343
0
0
0
0
0
0
0
0
0
0
0
0
0
0
0
0
0
0
0
0
0
0
0
0
0
0
0
0
0
0
10671
2011
4821
8471
0
2618
1654
1530
0
1275
904
4928
0
955
828
0
0
0
0
0
0
0
0
0
0
0
0
0
0
0
0
0
0
0
0
0
0
0
0
0
0
0
0
0
0
0
0
0
8557
882
8617
0
5143
4497
1005
1348
1015
5150
0
1191
0
0
0
0
0
0
0
0
0
0
0
0
0
0
0
0
0
0
0
0
0
0
0
0
0
0
0
0
0
10648
1475
1569
4834
0
2645
2182
0
1158
896
4088
0
1257
0
0
0
0
0
0
0
0
0
0
0
0
0
0
0
0
0
0
0
0
0
0
0
0
0
0
0
0
0
0
0
10760
2107
1605
3897
7328
0
2452
1782
0
1202
1546
4464
0
1335
0
0
0
0
0
0
0
0
0
0
0
0
0
0
0
0
0
0
0
0
0
0
0
0
0
0
0
0
0
0
0
0
0
8548
1551
9502
0
6142
3853
1192
0
1008
881
5199
0
1290
0
846
0
0
0
0
0
0
0
0
0
0
0
0
0
0
0
0
0
0
0
0
0
0
0
0
0
0
0
0
0
0
0
0
10939
1528
1432
4637
0
3224
1608
0
902
1445
3931
0
1256
990
0
0
0
0
0
0
0
0
0
0
0
0
0
0
0
0
0
0
0
0
0
0
0
0
0
0
0
0
0
0
0
0
0
10340
2123
4832
8918
0
2422
1629
1342
0
1091
1345
5049
0
859
0
0
0
0
0
0
0
0
0
0
0
0
0
0
0
0
0
0
0
0
0
0
0
0
0
0
0
0
0
0
5741
938
2506
5619
0
3048
1534
0
1089
958
2516
0
961
0
0
0
0
0
0
0
0
0
0
0
0
0
0
0
0
0
0
0
0
0
0
0
0
0
0
0
0
